8.633668955883970764e-01 4.867862080001631975e+08
8.636920345099028395e-01 5.039365506065990329e+08
8.640283146326178665e-01 5.216911302408800721e+08
8.643761062128497707e-01 5.400712352465801239e+08
8.647357909820063693e-01 5.590989039934248924e+08
8.651077624412568667e-01 5.787969513020429611e+08
8.654924261590309920e-01 5.991889957997107506e+08
8.658902000709534086e-01 6.202994882398904562e+08
8.663015147817472172e-01 6.421537408195102215e+08
8.667268138686160528e-01 6.647779575291490555e+08
8.671665541855319015e-01 6.881992655725102425e+08
8.676212061678214571e-01 7.124457478928591013e+08
8.680912541363642321e-01 7.375464768454279900e+08
8.685771966006540223e-01 7.635315490561519861e+08
8.690795465599087111e-01 7.904321215085475445e+08
8.695988318013191387e-01 8.182804489019951820e+08
8.701355951944682587e-01 8.471099223262145519e+08
8.706903949808391108e-01 8.769551092983173132e+08
8.712638050572523163e-01 9.078517952104322910e+08
8.718564152519654442e-01 9.398370262376042604e+08
8.724688315920582360e-01 9.729491537574194670e+08
8.731016765606136598e-01 1.007227880334602833e+09
8.737555893420833053e-01 1.042714307325743437e+09
8.744312260540932913e-01 1.079450984161219597e+09
8.751292599638055281e-01 1.117481959363403082e+09
8.758503816868111747e-01 1.156852833362337589e+09
8.765952993663630455e-01 1.197610813172199726e+09
8.773647388305993999e-01 1.239804768994111300e+09
8.781594437252313590e-01 1.283485292813173532e+09
8.789801756189791204e-01 1.328704759059965849e+09
8.798277140788485218e-01 1.375517387409271479e+09
8.807028567121321094e-01 1.423979307791310072e+09
8.816064191717954968e-01 1.474148627693422318e+09
8.825392351216898579e-01 1.526085501832922935e+09
8.835021561577776072e-01 1.579852204284649611e+09
8.844960516813127338e-01 1.635513203149688482e+09
8.855218087196475851e-01 1.693135237854823351e+09
8.865803316900515707e-01 1.752787399175362825e+09
8.876725421016561368e-01 1.814541212077329636e+09
8.887993781903048562e-01 1.878470721478329182e+09
8.899617944807952652e-01 1.944652581029907227e+09
8.911607612706539117e-01 2.013166145027885437e+09
8.923972640292534564e-01 2.084093563560857534e+09
8.936723027057057456e-01 2.157519881010926247e+09
8.949868909386230476e-01 2.233533138024817944e+09
8.963420551604341924e-01 2.312224477077588081e+09
8.977388335885722048e-01 2.393688251755552769e+09
8.991782750954381287e-01 2.478022139889446259e+09
9.006614379486372890e-01 2.565327260673441410e+09
9.021893884125784524e-01 2.655708295910503864e+09
9.037631992020874749e-01 2.749273615529427052e+09
9.053839477782766876e-01 2.846135407524049282e+09
9.070527144764735095e-01 2.946409812470478535e+09
9.087705804555830102e-01 3.050217062783568859e+09
9.105386254578501370e-01 3.157681626879672527e+09
9.123579253675484502e-01 3.268932358418508053e+09
9.142295495567329677e-01 3.384102650803050518e+09
9.161545580058029214e-01 3.503330597122762680e+09
9.181339981862334243e-01 3.626759155731893539e+09
9.201689016925125308e-01 3.754536321661391258e+09
9.222602806099888806e-01 3.886815304069985390e+09
9.244091236050581140e-01 4.023754709947146416e+09
9.266163917239021997e-01 4.165518734288254738e+09
9.288830138857978591e-01 4.312277356969992638e+09
9.312098820569083557e-01 4.464206546561958313e+09
9.335978460904313936e-01 4.621488471318966866e+09
9.360477082190071796e-01 4.784311717606968880e+09
9.385602171854448006e-01 4.952871516024500847e+09
9.411360619980538855e-01 5.127369975490815163e+09
9.437758652972496609e-01 5.308016325581305504e+09
9.464801763205925589e-01 5.495027167400886536e+09
9.492494634540958875e-01 5.688626733296074867e+09
9.520841063584466468e-01 5.889047155717172623e+09
9.549843876598173020e-01 6.096528745552954674e+09
9.579504841961525852e-01 6.311320280271581650e+09
9.609824578112952098e-01 6.533679302213234901e+09
9.640802456909813856e-01 6.763872427392116547e+09
9.672436502367413036e-01 7.002175665178098679e+09
9.704723284759908530e-01 7.248874749241321564e+09
9.737657810091949750e-01 7.504265480156579018e+09
9.771233404979084991e-01 7.768654080078232765e+09
9.805441597007964472e-01 8.042357559910968781e+09
9.840271990684290593e-01 8.325704099416632652e+09
9.875712139117378552e-01 8.619033440712907791e+09
9.911747411635742910e-01 8.922697295635650635e+09
9.948360857577989158e-01 9.237059767453294754e+09
9.985533066558219817e-01 9.562497787439046860e+09
1.002324202556489352e+00 9.899401566824279785e+09
1.006146297331710349e+00 1.024817506467503738e+10
1.010016825237233240e+00 1.060923647225265312e+10
1.013932715955531583e+00 1.098301871443927574e+10
1.017890579535852158e+00 1.136996996882950592e+10
1.021886691305074812e+00 1.177055420311053658e+10
1.025916976832179195e+00 1.218525173137514305e+10
1.029976997038710040e+00 1.261455979003459358e+10
1.034061933557742563e+00 1.305899313402199173e+10
1.038166574454310043e+00 1.351908465400091362e+10
1.042285300431149420e+00 1.399538601531936264e+10
1.046412071654741816e+00 1.448846831947528267e+10
1.050540415347986256e+00 1.499892278888663673e+10
1.054663414307279723e+00 1.552736147578713989e+10
1.058773696513211071e+00 1.607441799609766197e+10
1.062863426015299595e+00 1.664074828915320206e+10
1.066924295282140500e+00 1.722703140419646072e+10
1.070947519218678368e+00 1.783397031458091736e+10
1.074923831061984414e+00 1.846229276065967941e+10
1.078843480375560437e+00 1.911275212237092972e+10
1.082696233369619510e+00 1.978612832256604385e+10
1.086471375780668991e+00 2.048322876216353989e+10
1.090157718547779542e+00 2.120488928825014877e+10
1.093743606524790524e+00 2.195197519628989029e+10
1.097216930467049156e+00 2.272538226764270020e+10
1.100565142527737628e+00 2.352603784363667297e+10
1.103775275492004937e+00 2.435490193748176193e+10
1.106833965966647737e+00 2.521296838535822296e+10
1.109727481728529419e+00 2.610126603805995560e+10
1.112441753415950307e+00 2.702085999462148666e+10
1.114962410723425723e+00 2.797285287940785217e+10
1.117274823231425129e+00 2.895838616419865799e+10
1.119364145968317237e+00 2.997864153685149765e+10
1.121215369761791480e+00 3.103484231818578720e+10
1.122813376391260221e+00 3.212825492878592300e+10
1.124142998501034496e+00 3.326019040748254776e+10
1.125189084176541066e+00 3.443200598333266449e+10
1.125936566022554874e+00 3.564510670298329926e+10
1.126370534513714272e+00 3.690094711537008667e+10
1.126476315313923671e+00 3.820103301577082825e+10
1.126239550183173677e+00 3.954692325130519867e+10
1.125646281008763738e+00 4.094023159004530334e+10
1.124683036413808956e+00 4.238262865597834015e+10
1.123336920310540110e+00 4.387584393214145660e+10
1.121595701680722090e+00 4.542166783433071136e+10
1.119447904782159942e+00 4.702195385787029266e+10
1.116882898900614096e+00 4.867862080001632690e+10
1.113890986692617213e+00 5.039365506065985107e+10
1.110463490098818395e+00 5.216911302408795929e+10
1.106592832752038902e+00 5.400712352465801239e+10
1.102272617761548945e+00 5.590989039934249878e+10
1.097497699727705722e+00 5.787969513020429993e+10
1.092264249831389700e+00 5.991889957997106934e+10
1.086569812852980377e+00 6.202994882398905182e+10
1.080413355007928011e+00 6.421537408195103455e+10
1.073795301542143754e+00 6.647779575291483307e+10
1.066717563111704292e+00 6.881992655725094604e+10
1.059183550078629965e+00 7.124457478928591919e+10
1.051198173987891948e+00 7.375464768454280090e+10
1.042767835649825336e+00 7.635315490561520386e+10
1.033900399435436546e+00 7.904321215085475159e+10
1.024605153597455187e+00 8.182804489019950867e+10
1.014892756654338646e+00 8.471099223262145996e+10
1.004775170113680449e+00 8.769551092983164978e+10
9.942655780607463356e-01 9.078517952104313660e+10
9.833782943914032293e-01 9.398370262376043701e+10
9.721286587200254070e-01 9.729491537574194336e+10
9.605329222351771667e-01 1.007227880334602814e+11
9.486081250015521160e-01 1.042714307325743408e+11
9.363719664084936278e-01 1.079450984161219635e+11
9.238426706361989593e-01 1.117481959363403168e+11
9.110388491437400038e-01 1.156852833362336426e+11
8.979793622725609215e-01 1.197610813172198639e+11
8.846831821004176311e-01 1.239804768994111481e+11
8.711692586706417663e-01 1.283485292813173523e+11
8.574563916587172319e-01 1.328704759059965820e+11
8.435631094228429605e-01 1.375517387409271545e+11
8.295075572199368530e-01 1.423979307791310425e+11
8.153073961579306861e-01 1.474148627693422241e+11
8.009797142056296337e-01 1.526085501832921448e+11
7.865409503010913905e-01 1.579852204284647827e+11
7.720068322979405373e-01 1.635513203149688416e+11
7.573923291768320798e-01 1.693135237854823303e+11
7.427116176373721457e-01 1.752787399175362549e+11
7.279780628850702762e-01 1.814541212077329407e+11
7.132042131484239711e-01 1.878470721478329163e+11
6.984018072119224652e-01 1.944652581029907227e+11
6.835817940386008651e-01 2.013166145027883606e+11
6.687543633856801728e-01 2.084093563560855408e+11
6.539289861911874446e-01 2.157519881010926514e+11
6.391144634280840897e-01 2.233533138024817810e+11
6.243189820828430880e-01 2.312224477077588196e+11
6.095501769127525948e-01 2.393688251755552673e+11
5.948151966640717880e-01 2.478022139889446411e+11
5.801207734838623731e-01 2.565327260673441467e+11
5.654732943237376075e-01 2.655708295910501404e+11
5.508788732060405646e-01 2.749273615529424438e+11
5.363434232950398117e-01 2.846135407524049072e+11
5.218727277820099930e-01 2.946409812470478516e+11
5.074725086499608517e-01 3.050217062783568726e+11
4.931484924296298256e-01 3.157681626879672241e+11
4.789064720938946418e-01 3.268932358418507690e+11
4.647523642656083420e-01 3.384102650803050537e+11
4.506922609383209322e-01 3.503330597122759399e+11
4.367324749359566827e-01 3.626759155731889648e+11
4.228795783722441026e-01 3.754536321661390991e+11
4.091404334194859715e-01 3.886815304069985962e+11
3.955222147643016051e-01 4.023754709947145996e+11
3.820324232191302793e-01 4.165518734288254395e+11
3.686788900747026698e-01 4.312277356969993286e+11
3.554697719205073825e-01 4.464206546561958618e+11
3.424135358254652428e-01 4.621488471318962402e+11
3.295189349556034708e-01 4.784311717606964722e+11
3.167949749035883777e-01 4.952871516024501343e+11
3.042508712092837353e-01 5.127369975490814819e+11
2.918959987528360056e-01 5.308016325581305542e+11
2.797398338934835582e-01 5.495027167400884399e+11
2.677918903998961486e-01 5.688626733296074219e+11
2.560616503635990693e-01 5.889047155717172852e+11
2.445584913993545662e-01 6.096528745552949219e+11
2.332916115103446097e-01 6.311320280271578369e+11
2.222699530285795755e-01 6.533679302213234863e+11
2.115021270312219814e-01 6.763872427392116699e+11
2.009963395826940002e-01 7.002175665178099365e+11
1.907603210637287272e-01 7.248874749241317139e+11
1.808012597269949284e-01 7.504265480156578369e+11
1.711257404710660457e-01 7.768654080078233643e+11
1.617396896578100485e-01 8.042357559910961914e+11
1.526483266208586709e-01 8.325704099416628418e+11
1.438561223327235461e-01 8.619033440712907715e+11
1.353667655230225420e-01 8.922697295635650635e+11
1.271831363769130863e-01 9.237059767453294678e+11
1.193072877966774997e-01 9.562497787439042969e+11
1.117404340844709854e-01 9.899401566824281006e+11
1.044829468028911773e-01 1.024817506467503906e+12
9.753435749295313872e-02 1.060923647225264160e+12
9.089336687544088966e-02 1.098301871443927002e+12
8.455786012926023998e-02 1.136996996882950684e+12
7.852492782605303978e-02 1.177055420311053467e+12
7.279089209994654697e-02 1.218525173137514404e+12
6.735133764040354687e-02 1.261455979003458740e+12
6.220114711017758063e-02 1.305899313402199219e+12
5.733454060503567068e-02 1.351908465400091064e+12
5.274511878335371579e-02 1.399538601531934814e+12
4.842590929886204237e-02 1.448846831947527588e+12
4.436941616654562631e-02 1.499892278888663574e+12
4.056767167888136044e-02 1.552736147578714111e+12
3.701229046722764177e-02 1.607441799609766113e+12
3.369452527237055267e-02 1.664074828915319092e+12
3.060532395114196405e-02 1.722703140419646484e+12
2.773538720574005717e-02 1.783397031458091309e+12
2.507522648269973689e-02 1.846229276065965820e+12
2.261522145367477615e-02 1.911275212237092041e+12
2.034567646473067412e-02 1.978612832256604736e+12
1.825687532897203591e-02 2.048322876216353760e+12
1.633913384274556305e-02 2.120488928825014893e+12
1.458284943116474643e-02 2.195197519628987793e+12
1.297854737587336889e-02 2.272538226764270020e+12
1.151692314691486231e-02 2.352603784363666992e+12
1.018888044980397097e-02 2.435490193748173828e+12
8.985564705298935279e-03 2.521296838535820801e+12
7.898391798330926805e-03 2.610126603805995605e+12
6.919072058227802857e-03 2.702085999462148438e+12
6.039629558099320582e-03 2.797285287940785645e+12
5.252416940014452765e-03 2.895838616419864258e+12
4.550126077596087365e-03 2.997864153685149902e+12
3.925794972858622466e-03 3.103484231818579102e+12
3.372811344784199753e-03 3.212825492878588867e+12
2.884913400266632573e-03 3.326019040748252930e+12
2.456188282637636593e-03 3.443200598333266602e+12
2.081068670136949992e-03 3.564510670298329590e+12
1.754327949542648256e-03 3.690094711537007812e+12
1.471074323657357158e-03 3.820103301577080566e+12
1.226744131717654243e-03 3.954692325130520020e+12
1.017094576122784750e-03 4.094023159004530762e+12
8.381959644091356880e-04 4.238262865597830078e+12
6.864234989274182845e-04 4.387584393214143555e+12
5.584485839846162160e-04 4.542166783433071289e+12
4.512295755785545302e-04 4.702195385787030273e+12
3.620018747609134776e-04 4.867862080001631836e+12
2.882672626542868662e-04 5.039365506065984375e+12
2.277823918696827217e-04 5.216911302408791016e+12
1.785463825050126300e-04 5.400712352465800781e+12
1.387875167381709949e-04 5.590989039934244141e+12
1.069490791197722526e-04 5.787969513020429688e+12
8.167444457431810524e-05 5.991889957997107422e+12
6.179156759667916239e-05 6.202994882398899414e+12
4.629706961364139019e-05 6.421537408195102539e+12
3.434015342563740862e-05 6.647779575291483398e+12
2.520659177312333806e-05 6.881992655725101562e+12
1.830304046524805240e-05 7.124457478928591797e+12
1.314191556365655994e-05 7.375464768454273438e+12
9.327050387991614428e-06 7.635315490561520508e+12
6.540314064418688456e-06 7.904321215085475586e+12
4.529332033855601145e-06 8.182804489019943359e+12
3.096403698689363462e-06 8.471099223262146484e+12
2.088666492358806976e-06 8.769551092983165039e+12
1.389512059699550334e-06 9.078517952104304688e+12
9.112213608976243587e-07 9.398370262376042969e+12
5.887531186648661861e-07 9.729491537574183594e+12
3.745951606141922705e-07 1.007227880334602734e+13
2.345712133392599838e-07 1.042714307325743359e+13
1.444863104781224647e-07 1.079450984161218359e+13
8.749141879000755916e-08 1.117481959363403320e+13
5.205105194395919912e-08 1.156852833362336523e+13
3.040522603094125250e-08 1.197610813172199805e+13
1.742775854233285024e-08 1.239804768994111523e+13
9.795339133702135608e-09 1.283485292813172070e+13
5.394882030579258486e-09 1.328704759059965820e+13
2.909499594167383041e-09 1.375517387409271484e+13
1.535348379912405190e-09 1.423979307791308594e+13
7.921637257111851071e-10 1.474148627693422266e+13
3.992985464166164247e-10 1.526085501832921484e+13
1.964710260858885723e-10 1.579852204284646484e+13
9.428616817484730810e-11 1.635513203149688477e+13
4.409240860560655984e-11 1.693135237854821484e+13
2.007475408311329783e-11 1.752787399175362500e+13
8.889912470290729756e-12 1.814541212077329688e+13
3.825440138612673018e-12 1.878470721478327344e+13
1.597948952460850076e-12 1.944652581029907031e+13
6.472728331112929420e-13 2.013166145027883594e+13
2.539710717204859433e-13 2.084093563560857812e+13
9.641982644074808683e-14 2.157519881010926562e+13
3.537767801048221783e-14 2.233533138024815234e+13
1.253000042756049774e-14 2.312224477077587891e+13
4.278495991405048379e-15 2.393688251755552734e+13
1.406662514794534280e-15 2.478022139889443750e+13
4.447010816752672332e-16 2.565327260673441406e+13
1.349976724417149623e-16 2.655708295910501172e+13
3.929555335552617673e-17 2.749273615529421484e+13
1.095158324318626212e-17 2.846135407524049219e+13
2.917840016923385343e-18 2.946409812470475391e+13
7.420076245526729323e-19 3.050217062783568750e+13
1.798061634947273648e-19 3.157681626879672656e+13
4.144880045832864557e-20 3.268932358418504297e+13
9.073323759169784986e-21 3.384102650803050391e+13
1.882681441714148484e-21 3.503330597122759375e+13
3.695935130070534364e-22 3.626759155731893750e+13
6.851112880077552509e-23 3.754536321661390625e+13
1.196766825818032100e-23 3.886815304069981250e+13
1.965898209959585000e-24 4.023754709947146094e+13
3.030225845281066603e-25 4.165518734288254688e+13
4.372982464420268971e-26 4.312277356969988281e+13
5.894693331472343712e-27 4.464206546561958594e+13
7.404264076563156925e-28 4.621488471318962500e+13
8.644890205686903531e-29 4.784311717606959375e+13
9.357839601710900975e-30 4.952871516024500781e+13
9.366395169919627223e-31 5.127369975490810156e+13
8.644732587997110235e-32 5.308016325581305469e+13
7.336215358298984190e-33 5.495027167400884375e+13
5.707547059454022200e-34 5.688626733296068750e+13
4.058392955632895822e-35 5.889047155717171875e+13
2.629112983630869524e-36 6.096528745552948438e+13
1.546642210480427279e-37 6.311320280271584375e+13
8.234184751140811259e-39 6.533679302213234375e+13
3.953431357602990372e-40 6.763872427392110156e+13
1.705569981010873276e-41 7.002175665178098438e+13
6.586729418004670660e-43 7.248874749241317188e+13
2.268195928895850892e-44 7.504265480156571875e+13
6.936615156347073440e-46 7.768654080078232812e+13
1.876095528192534553e-47 8.042357559910960938e+13
4.468097623607617300e-49 8.325704099416618750e+13
9.328343402849990967e-51 8.619033440712907812e+13
1.699361619594884138e-52 8.922697295635640625e+13
2.688318691963240197e-54 9.237059767453295312e+13
3.674769793950018516e-56 9.562497787439042188e+13
4.318159343895318567e-58 9.899401566824270312e+13
4.338826431586346133e-60 1.024817506467503750e+14
3.707280060829191454e-62 1.060923647225264219e+14
2.678354365020846215e-64 1.098301871443928125e+14
1.626457969053954610e-66 1.136996996882950625e+14
8.251293031764460503e-69 1.177055420311052500e+14
3.474994218627377362e-71 1.218525173137514375e+14
1.206953908023210598e-73 1.261455979003458750e+14
3.433863813152933649e-76 1.305899313402197812e+14
7.946549666668007829e-79 1.351908465400091250e+14
1.484968055367643159e-81 1.399538601531935000e+14
2.223960535815364248e-84 1.448846831947525938e+14
2.648632589529606751e-87 1.499892278888663750e+14
2.488255287833936767e-90 1.552736147578712500e+14
1.828593199838119572e-93 1.607441799609766250e+14
1.042151136767679882e-96 1.664074828915319375e+14
4.565053427346115057e-100 1.722703140419644688e+14
1.522774646410278984e-103 1.783397031458091562e+14
3.831168128697099296e-107 1.846229276065965938e+14
7.198083792192041525e-111 1.911275212237094062e+14
9.995970369491333735e-115 1.978612832256604688e+14
1.015150081548591680e-118 2.048322876216351875e+14
7.456665875083497341e-123 2.120488928825015000e+14
3.916620199245982769e-127 2.195197519628988125e+14
1.453781562605080305e-131 2.272538226764267812e+14
3.766999481604670145e-136 2.352603784363667500e+14
6.728237251769543758e-141 2.435490193748173750e+14
8.175667879227096562e-146 2.521296838535818750e+14
6.667571568868865155e-151 2.610126603805995312e+14
3.598597568793194032e-156 2.702085999462145938e+14
1.266787347413562866e-161 2.797285287940785312e+14
2.865102366192611303e-167 2.895838616419864375e+14
4.098956777483907737e-173 2.997864153685146875e+14
3.650022901668555312e-179 3.103484231818579375e+14
1.989538221155103222e-185 3.212825492878589375e+14
6.524289597467959019e-192 3.326019040748256250e+14
1.264339250317242193e-198 3.443200598333266250e+14
1.421329399257231920e-205 3.564510670298326250e+14
9.092730036830907326e-213 3.690094711537008125e+14
3.245162459116238545e-220 3.820103301577080625e+14
6.329820917324090751e-228 3.954692325130516250e+14
6.605639534544113292e-236 4.094023159004531250e+14
3.607752406137642271e-244 4.238262865597829375e+14
1.007974984621824165e-252 4.387584393214138750e+14
1.407011598167315260e-261 4.542166783433071250e+14
9.575531004811012356e-271 4.702195385787024375e+14
3.097801720853859328e-280 4.867862080001631875e+14
