1.417640994789402635e-02 2.670472884061821262e+00
1.537161273887602264e-02 2.764558386342201413e+00
1.665380868517832985e-02 2.861958687957254721e+00
1.802765139715410692e-02 2.962790575174393037e+00
1.949784765059512509e-02 3.067174948848641503e+00
2.106913348241201689e-02 3.175236969386852515e+00
2.274624768837691172e-02 3.287106206819284893e+00
2.453390278064695312e-02 3.402916796158482970e+00
2.643675351379725508e-02 3.522807598231686210e+00
2.845936314408218856e-02 3.646922366179689234e+00
3.060616764693170275e-02 3.775409917821731742e+00
3.288143818141973929e-02 3.908424314093112084e+00
3.528924215641906365e-02 4.046125043769492002e+00
3.783340331995945632e-02 4.188677214699329632e+00
4.051746135922389136e-02 4.336251751773803953e+00
4.334463156170773046e-02 4.489025601871571958e+00
4.631776514610705386e-02 4.647181946024060650e+00
4.943931092214257778e-02 4.810910419055755227e+00
5.271127897920993566e-02 4.980407336962784370e+00
5.613520713193102807e-02 5.155875932302460107e+00
5.971213086374522333e-02 5.337526597876030010e+00
6.344255750527508231e-02 5.525577138996756510e+00
6.732644536006543445e-02 5.720253034645897294e+00
7.136318844470768141e-02 5.921787707829670566e+00
7.555160744202665812e-02 6.130422805461328117e+00
7.988994737428645188e-02 6.346408488104033019e+00
8.437588238854744349e-02 6.570003729921853441e+00
8.900652790936028347e-02 6.801476629198571544e+00
9.377846025715805278e-02 7.041104729796653139e+00
9.868774365709978569e-02 7.289175353941713453e+00
1.037299643770531604e-01 7.545985946731644134e+00
1.089002715402081212e-01 7.811844432783397352e+00
1.141934239637417831e-01 8.087069585445011199e+00
1.196038421871225693e-01 8.371991409015702601e+00
1.251256646796277405e-01 8.666951534432214999e+00
1.307528070643592388e-01 8.972303628895895500e+00
1.364790230732777776e-01 9.288413819931710336e+00
1.422979658617082588e-01 9.615661134387522679e+00
1.482032482678701801e-01 9.954437952900166309e+00
1.541885006080389031e-01 1.030515048037318770e+01
1.602474246542175962e-01 1.066821923303024278e+01
1.663738425496397166e-01 1.104407954262836000e+01
1.725617395765704221e-01 1.143318207843550027e+01
1.788052998967634699e-01 1.183599338759826480e+01
1.850989346308803962e-01 1.225299645454783537e+01
1.914373019200417969e-01 1.268469128011460079e+01
1.978153189093234121e-01 1.313159548104618324e+01
2.042281658962054602e-01 1.359424491064750384e+01
2.106712831829248844e-01 1.407319430128702464e+01
2.171403614457834141e-01 1.456901792953971864e+01
2.236313266728363336e-01 1.508231030476417800e+01
2.301403209114700477e-01 1.561368688193948628e+01
2.366636801985941563e-01 1.616378479961669612e+01
2.431979111109948966e-01 1.673326364386947418e+01
2.497396673676063883e-01 1.732280623916024354e+01
2.562857278387621340e-01 1.793311946706994320e+01
2.628329771734849163e-01 1.856493511387292017e+01
2.693783900521858898e-01 1.921901074797359499e+01
2.759190198196956323e-01 1.989613062825666390e+01
2.824519919663825984e-01 2.059710664444009254e+01
2.889745026191946065e-01 2.132277929055853605e+01
2.954838218969689234e-01 2.207401867274409568e+01
3.019773016924855447e-01 2.285172555251313398e+01
3.084523871837609454e-01 2.365683242681001275e+01
3.149066311632026105e-01 2.449030464610241964e+01
3.213377101169411221e-01 2.535314157186943618e+01
3.277434408957630163e-01 2.624637777486983481e+01
3.341217967976523595e-01 2.717108427562754613e+01
3.404709219298524547e-01 2.812836982862167545e+01
3.467891428314838764e-01 2.911938225172063355e+01
3.530749765083739944e-01 3.014530980245476854e+01
3.593271342490060860e-01 3.120738260277754605e+01
3.655445208411579050e-01 3.230687411402344367e+01
3.717262290781938039e-01 3.344510266383129959e+01
3.778715297166601039e-01 3.462343302686394253e+01
3.839798573077334853e-01 3.584327806121934401e+01
3.900507925601560677e-01 3.710610040249538599e+01
3.960840420892609015e-01 3.841341421753960361e+01
4.020794165557924904e-01 3.976678701998659449e+01
4.080368082923604978e-01 4.116784154976015486e+01
4.139561695506708272e-01 4.261825771879345837e+01
4.198374924783740969e-01 4.411977462530047234e+01
4.256807918527587553e-01 4.567419263901373228e+01
4.314860914648652179e-01 4.728337555988883878e+01
4.372534148693900113e-01 4.894925285286381467e+01
4.429827810028246771e-01 5.067382196135299210e+01
4.486742049354871531e-01 5.245915070224950227e+01
4.543277037744604119e-01 5.430737974530799761e+01
4.599433074859159420e-01 5.622072517988022611e+01
4.655210741685522069e-01 5.820148117208141514e+01
4.710611090955005298e-01 6.025202271557327549e+01
4.765635866592540237e-01 6.237480847926210004e+01
4.820287742103264716e-01 6.457238375532621433e+01
4.874570566805826455e-01 6.684738351110755161e+01
4.928489608295784641e-01 6.920253554852702393e+01
4.982051779474775954e-01 7.164066377481167081e+01
5.035265838897006185e-01 7.416469158845524134e+01
5.088142554030976594e-01 7.677764538447203790e+01
5.140694818259577969e-01 7.948265818314744990e+01
5.192937713982684889e-01 8.228297338663556104e+01
5.244888515969805542e-01 8.518194866790844344e+01
5.296566631057558761e-01 8.818305999671990492e+01
5.347993472318525177e-01 9.128990580741118777e+01
5.399192267865198236e-01 9.450621131355609350e+01
5.450187806423247849e-01 9.783583297461836992e+01
5.501006123646051682e-01 1.012827631199773180e+02
5.551674134790577364e-01 1.048511347358663812e+02
5.602219220788051679e-01 1.085452264209640845e+02
5.652668775885185681e-01 1.123694675165788084e+02
5.703049725880992016e-01 1.163284434175793365e+02
5.753388026526637944e-01 1.204269010704390581e+02
5.803708151890637490e-01 1.246697546649859731e+02
5.854032582426675901e-01 1.290620915266829343e+02
5.904381302134700249e-01 1.336091782165035227e+02
5.954771313602950089e-01 1.383164668457174571e+02
6.005216178892418544e-01 1.431896016131571798e+02
6.055725593215074420e-01 1.482344255728036728e+02
6.106304997205941332e-01 1.534569876398064707e+02
6.156955232343775952e-01 1.588635498433382338e+02
6.207672242784062488e-01 1.644605948349803839e+02
6.258446825578352080e-01 1.702548336616424365e+02
6.309264430013348246e-01 1.762532138123346499e+02
6.360105005652724186e-01 1.824629275484433322e+02
6.410942897643188143e-01 1.888914205274966207e+02
6.461746786983990631e-01 1.955464007307603538e+02
6.512479672779262208e-01 2.024358477053689569e+02
6.563098893009551293e-01 2.095680221320735939e+02
6.613556180077422297e-01 2.169514757300787835e+02
6.663797747297848240e-01 2.245950615108440331e+02
6.713764402603205061e-01 2.325079443931446121e+02
6.763391685993325186e-01 2.406996121921204121e+02
6.812610027653966949e-01 2.491798869954888289e+02
6.861344924157471992e-01 2.579589369405607044e+02
6.909517130709650345e-01 2.670472884061821333e+02
6.957042867976781508e-01 2.764558386342198446e+02
7.003834042578954699e-01 2.861958687957251755e+02
7.049798480833761039e-01 2.962790575174392984e+02
7.094840175749250744e-01 3.067174948848642089e+02
7.138859547572323772e-01 3.175236969386852479e+02
7.181753718383306895e-01 3.287106206819285035e+02
7.223416801282135369e-01 3.402916796158482953e+02
7.263740204637474385e-01 3.522807598231686370e+02
7.302612951675743203e-01 3.646922366179685469e+02
7.339922015388112841e-01 3.775409917821727959e+02
7.375552668350274788e-01 3.908424314093111889e+02
7.409388846606582701e-01 4.046125043769492322e+02
7.441313526291722935e-01 4.188677214699330307e+02
7.471209111176482232e-01 4.336251751773803562e+02
7.498957828852668150e-01 4.489025601871571780e+02
7.524442132838854436e-01 4.647181946024061290e+02
7.547545107512340090e-01 4.810910419055750253e+02
7.568150872469110446e-01 4.980407336962779823e+02
7.586144982695519623e-01 5.155875932302460569e+02
7.601414820811929207e-01 5.337526597876029655e+02
7.613849977626315768e-01 5.525577138996757185e+02
7.623342617318286107e-01 5.720253034645896832e+02
7.629787823764052623e-01 5.921787707829670353e+02
7.633083924809840326e-01 6.130422805461329290e+02
7.633132791704110298e-01 6.346408488104026446e+02
7.629840111404722069e-01 6.570003729921846798e+02
7.623115630080961047e-01 6.801476629198572255e+02
7.612873366825088084e-01 7.041104729796653601e+02
7.599031797365100038e-01 7.289175353941714093e+02
7.581514008417032935e-01 7.545985946731643708e+02
7.560247824216687063e-01 7.811844432783398133e+02
7.535165907708387678e-01 8.087069585445012763e+02
7.506205839820065950e-01 8.371991409015694217e+02
7.473310181193945079e-01 8.666951534432205335e+02
7.436426521641229526e-01 8.972303628895895145e+02
7.395507523416124940e-01 9.288413819931710123e+02
7.350510965124861240e-01 9.615661134387521543e+02
7.301399793664816729e-01 9.954437952900166238e+02
7.248142191992695826e-01 1.030515048037318820e+03
7.190711670715658199e-01 1.066821923303024278e+03
7.129087191456261463e-01 1.104407954262834892e+03
7.063253329634957556e-01 1.143318207843548862e+03
6.993200483724955063e-01 1.183599338759826651e+03
6.918925137151231697e-01 1.225299645454783558e+03
6.840430177827580005e-01 1.268469128011460270e+03
6.757725278859580964e-01 1.313159548104618125e+03
6.670827342206999688e-01 1.359424491064750327e+03
6.579761005125519535e-01 1.407319430128702379e+03
6.484559207035899275e-01 1.456901792953970471e+03
6.385263812149535312e-01 1.508231030476416208e+03
6.281926280773414417e-01 1.561368688193948856e+03
6.174608379792078106e-01 1.616378479961669427e+03
6.063382920453574965e-01 1.673326364386947262e+03
5.948334509347308341e-01 1.732280623916024297e+03
5.829560296431592903e-01 1.793311946706994149e+03
5.707170702223834935e-01 1.856493511387292074e+03
5.581290104876794889e-01 1.921901074797357523e+03
5.452057466893409643e-01 1.989613062825664201e+03
5.319626880732811758e-01 2.059710664444009126e+03
5.184168012570272710e-01 2.132277929055853747e+03
5.045866424019520569e-01 2.207401867274409142e+03
4.904923752714370755e-01 2.285172555251313042e+03
4.761557734269625253e-01 2.365683242681001502e+03
4.616002050271775792e-01 2.449030464610242234e+03
4.468505989544276358e-01 2.535314157186940974e+03
4.319333912930809483e-01 2.624637777486981122e+03
4.168764515168851825e-01 2.717108427562754969e+03
4.017089880999686335e-01 2.812836982862167588e+03
3.864614336386652527e-01 2.911938225172063085e+03
3.711653099492205343e-01 3.014530980245475803e+03
3.558530739797698406e-01 3.120738260277754762e+03
3.405579457342904348e-01 3.230687411402343969e+03
3.253137197427172222e-01 3.344510266383126691e+03
3.101545619175788415e-01 3.462343302686393145e+03
2.951147939071919191e-01 3.584327806121933918e+03
2.802286672842722592e-01 3.710610040249538542e+03
2.655301300942558562e-01 3.841341421753960276e+03
2.510525884288862808e-01 3.976678701998657289e+03
2.368286657887625490e-01 4.116784154976015088e+03
2.228899630559771083e-01 4.261825771879346576e+03
2.092668219182009237e-01 4.411977462530042430e+03
1.959880945728192936e-01 4.567419263901370869e+03
1.830809224982005712e-01 4.728337555988884560e+03
1.705705270128141660e-01 4.894925285286381950e+03
1.584800142547508339e-01 5.067382196135299637e+03
1.468301971060064770e-01 5.245915070224948067e+03
1.356394364579862899e-01 5.430737974530799875e+03
1.249235040658160517e-01 5.622072517988023719e+03
1.146954690664162835e-01 5.820148117208134863e+03
1.049656100350088994e-01 6.025202271557324821e+03
9.574135422203935986e-02 6.237480847926211027e+03
8.702724534255178168e-02 6.457238375532620921e+03
7.882494097853560977e-02 6.684738351110755502e+03
7.113324029850262575e-02 6.920253554852698471e+03
6.394814239638285658e-02 7.164066377481167365e+03
5.726293510505713752e-02 7.416469158845523452e+03
5.106831365273606371e-02 7.677764538447197083e+03
4.535252801051081750e-02 7.948265818314740500e+03
4.010155723753257295e-02 8.228297338663554910e+03
3.529930858035504326e-02 8.518194866790845481e+03
3.092783854162413359e-02 8.818305999671989412e+03
2.696759261917358944e-02 9.128990580741112353e+03
2.339765994960151668e-02 9.450621131355610487e+03
2.019603869073304317e-02 9.783583297461835173e+03
1.733990766439453407e-02 1.012827631199772077e+04
1.480589957214059442e-02 1.048511347358663443e+04
1.257037100648569598e-02 1.085452264209640998e+04
1.060966451934760961e-02 1.123694675165788067e+04
8.900358183518320906e-03 1.163284434175793467e+04
7.419498392255453878e-03 1.204269010704389984e+04
6.144812080870901486e-03 1.246697546649859578e+04
5.054895110830762324e-03 1.290620915266829252e+04
4.129374213963935870e-03 1.336091782165034056e+04
3.349040629333427995e-03 1.383164668457173866e+04
2.695954351316450295e-03 1.431896016131571741e+04
2.153518714604324164e-03 1.482344255728036842e+04
1.706525838748775697e-03 1.534569876398064844e+04
1.341174210203383227e-03 1.588635498433381326e+04
1.045060363984016104e-03 1.644605948349804021e+04
8.071472139881191374e-04 1.702548336616424422e+04
6.177120494889089264e-04 1.762532138123344703e+04
4.682775503168734674e-04 1.824629275484432219e+04
3.515293666822395867e-04 1.888914205274966298e+04
2.612238607530895616e-04 1.955464007307603242e+04
1.920895225021187439e-04 2.024358477053689421e+04
1.397253651449593482e-04 2.095680221320734563e+04
1.004992945208971466e-04 2.169514757300787824e+04
7.144905506535592068e-05 2.245950615108440616e+04
5.018790825933846567e-05 2.325079443931443893e+04
3.481672414660913869e-05 2.406996121921203303e+04
2.384368835884317767e-05 2.491798869954888505e+04
1.611236933617555926e-05 2.579589369405607431e+04
1.073847262621464343e-05 2.670472884061821242e+04
7.055246222415811838e-06 2.764558386342198355e+04
4.567202687578649056e-06 2.861958687957248912e+04
2.911594955616440737e-06 2.962790575174392870e+04
1.826923042336330076e-06 3.067174948848638815e+04
1.127654100237841941e-06 3.175236969386852434e+04
6.843007667907967151e-07 3.287106206819284853e+04
4.080128416932280109e-07 3.402916796158479701e+04
2.388841378880840326e-07 3.522807598231686279e+04
1.372489181931990640e-07 3.646922366179685196e+04
7.733040443361061953e-08 3.775409917821731506e+04
4.269851436585990174e-08 3.908424314093112480e+04
2.308804823299947734e-08 4.046125043769488548e+04
1.221669048943507559e-08 4.188677214699330216e+04
6.320922047166871617e-09 4.336251751773803699e+04
3.195396356892034973e-09 4.489025601871567778e+04
1.576998561225412273e-09 4.647181946024060744e+04
7.591584226683818639e-10 4.810910419055750390e+04
3.561618680289557742e-10 4.980407336962774571e+04
1.626980047533933642e-10 5.155875932302459842e+04
7.229842845193755512e-11 5.337526597876023880e+04
3.122230457081140918e-11 5.525577138996756548e+04
1.309041107855880481e-11 5.720253034645896696e+04
5.322812878742240275e-12 5.921787707829663850e+04
2.096814947722141552e-12 6.130422805461328971e+04
7.993277584559578168e-13 6.346408488104027492e+04
2.945326032670595827e-13 6.570003729921852937e+04
1.047769268880756454e-13 6.801476629198572482e+04
3.594045155150534718e-14 7.041104729796644824e+04
1.187216229967134438e-14 7.289175353941714275e+04
3.771618387122925507e-15 7.545985946731644799e+04
1.150747832981244012e-15 7.811844432783390221e+04
3.367200136217688595e-16 8.087069585445012490e+04
9.435264953824839038e-17 8.371991409015694808e+04
2.527977425106743276e-17 8.666951534432197514e+04
6.466069664354213874e-18 8.972303628895894508e+04
1.576324685408154105e-18 9.288413819931700709e+04
3.656403214546192370e-19 9.615661134387520724e+04
8.055726231549822732e-20 9.954437952900167147e+04
1.682712115367139067e-20 1.030515048037317756e+05
3.326243158799033530e-21 1.066821923303024087e+05
6.210020443642042487e-22 1.104407954262834974e+05
1.092830983047562546e-22 1.143318207843550190e+05
1.808960914621670154e-23 1.183599338759826787e+05
2.810509050715177196e-24 1.225299645454782294e+05
4.089317414092031654e-25 1.268469128011460125e+05
5.559336117850151763e-26 1.313159548104618152e+05
7.044695129420739895e-27 1.359424491064749018e+05
8.300283153311895783e-28 1.407319430128702370e+05
9.069877497361299752e-29 1.456901792953970435e+05
9.167161488375179496e-30 1.508231030476414599e+05
8.546726601951558037e-31 1.561368688193948765e+05
7.329269378448324362e-32 1.616378479961667908e+05
5.764192052449038775e-33 1.673326364386947243e+05
4.144851417965772569e-34 1.732280623916024342e+05
2.716448567869429663e-35 1.793311946706992167e+05
1.617323646028131336e-36 1.856493511387291946e+05
8.718188472196786254e-38 1.921901074797357724e+05
4.240026970220230388e-39 1.989613062825666275e+05
1.853743462077608112e-40 2.059710664444009017e+05
7.258375360881095210e-42 2.132277929055851127e+05
2.535424602282898969e-43 2.207401867274409160e+05
7.869311245775290707e-45 2.285172555251313315e+05
2.161171400359429553e-46 2.365683242680999101e+05
5.229211145332203893e-48 2.449030464610242343e+05
1.109787119217979844e-49 2.535314157186941011e+05
2.056333247729110961e-51 2.624637777486978448e+05
3.310706861149044935e-53 2.717108427562754368e+05
4.608624232806925816e-55 2.812836982862165314e+05
5.518478846529216375e-57 2.911938225172063103e+05
5.654064158786789135e-59 3.014530980245475657e+05
4.929580023384222940e-61 3.120738260277751251e+05
3.636616267461066582e-63 3.230687411402344005e+05
2.256664127361620836e-65 3.344510266383126727e+05
1.170770365956156719e-67 3.462343302686396055e+05
5.046288526869849872e-70 3.584327806121933972e+05
1.795277887345906361e-72 3.710610040249534650e+05
5.236176642372649862e-75 3.841341421753960312e+05
1.243312238112265593e-77 3.976678701998657198e+05
2.386067110548029492e-80 4.116784154976011487e+05
3.673364077282996353e-83 4.261825771879346576e+05
4.501442879909140156e-86 4.411977462530042394e+05
4.355667502848905663e-89 4.567419263901365921e+05
3.300339813673532188e-92 4.728337555988884415e+05
1.941431086416548774e-95 4.894925285286376602e+05
8.787620207135209154e-99 5.067382196135299164e+05
3.032471214422882622e-102 5.245915070224947995e+05
7.902182564007189570e-106 5.430737974530794891e+05
1.539660604123582207e-109 5.622072517988022882e+05
2.220146844698850331e-113 5.820148117208135081e+05
2.344291574459271294e-117 6.025202271557330387e+05
1.792862458469670051e-121 6.237480847926210845e+05
9.818654084317456608e-126 6.457238375532615464e+05
3.805545413172187495e-130 6.684738351110755466e+05
1.031221882941808568e-134 6.920253554852699162e+05
1.929218991264231048e-139 7.164066377481159288e+05
2.459439456545077001e-144 7.416469158845524071e+05
2.107886474622191957e-149 7.677764538447196828e+05
1.197675815578333588e-154 7.948265818314732751e+05
4.446545929213252291e-160 8.228297338663556147e+05
1.062641055648548229e-165 8.518194866790835513e+05
1.609497005094814678e-171 8.818305999671990285e+05
1.520391785643823208e-177 9.128990580741113517e+05
8.809652029445892759e-184 9.450621131355600664e+05
3.077666252740729139e-190 9.783583297461835900e+05
6.367984106617679234e-197 1.012827631199772120e+06
7.661000552643372368e-204 1.048511347358664498e+06
5.257449576324836569e-211 1.085452264209640911e+06
2.017815928665030667e-218 1.123694675165786874e+06
4.243389284777474939e-226 1.163284434175793547e+06
4.787005410549118284e-234 1.204269010704390239e+06
2.834034769300510827e-242 1.246697546649858356e+06
8.607388399457146934e-251 1.290620915266829310e+06
1.309935118723108074e-259 1.336091782165033976e+06
9.749171305331072318e-269 1.383164668457172578e+06
3.460031308634865942e-278 1.431896016131571727e+06
5.705005015453165300e-288 1.482344255728035467e+06
4.253689345751459949e-298 1.534569876398064662e+06
1.394652599752218900e-308 1.588635498433381552e+06
1.979078757546281282e-319 1.644605948349802289e+06
0.000000000000000000e+00 1.702548336616424611e+06
0.000000000000000000e+00 1.762532138123344630e+06
0.000000000000000000e+00 1.824629275484434329e+06
0.000000000000000000e+00 1.888914205274966080e+06
0.000000000000000000e+00 1.955464007307601394e+06
0.000000000000000000e+00 2.024358477053689538e+06
0.000000000000000000e+00 2.095680221320734592e+06
0.000000000000000000e+00 2.169514757300785743e+06
0.000000000000000000e+00 2.245950615108440630e+06
0.000000000000000000e+00 2.325079443931443617e+06
0.000000000000000000e+00 2.406996121921200771e+06
0.000000000000000000e+00 2.491798869954888243e+06
0.000000000000000000e+00 2.579589369405604433e+06
0.000000000000000000e+00 2.670472884061821271e+06
