1.687872460088565753e-03 2.454677582455408125e+00
1.913545378582207687e-03 2.541160233022684789e+00
2.167096345047813538e-03 2.630689820956643832e+00
2.451559017784709325e-03 2.723373695271861017e+00
2.770227457555415971e-03 2.819322987079347254e+00
3.126667064917072660e-03 2.918652742836508107e+00
3.524724029870138827e-03 3.021482062291757309e+00
3.968532903236148511e-03 3.127934241289167083e+00
4.462521869281172761e-03 3.238136919604352570e+00
5.011415274210236082e-03 3.352222233988905842e+00
5.620232947079224252e-03 3.470326976606843861e+00
6.294285840353549925e-03 3.592592759053050866e+00
7.039167518649522455e-03 3.719166182150402733e+00
7.860741038289797630e-03 3.850199011729106946e+00
8.765120788904331994e-03 3.985848360599095308e+00
9.758648913429594091e-03 4.126276876933625104e+00
1.084786598570967181e-02 4.271652939289938722e+00
1.203947570679753457e-02 4.422150858500883963e+00
1.334030348237278882e-02 4.577951086679511228e+00
1.475724886439348793e-02 4.739240433587282197e+00
1.629723197927625961e-02 4.906212290625326489e+00
1.796713422067656302e-02 5.079066862717274589e+00
1.977373365464163424e-02 5.258011408361764616e+00
2.172363576462109022e-02 5.443260488142435349e+00
2.382320034875415674e-02 5.635036221993312999e+00
2.607846556618705069e-02 5.833568555528178656e+00
2.849507030622700290e-02 6.039095535753150834e+00
3.107817621653513260e-02 6.251863596493125286e+00
3.383239086655884242e-02 6.472127853874314773e+00
3.676169363205155499e-02 6.700152412217107667e+00
3.986936595825850416e-02 6.936210680706132337e+00
4.315792768609467284e-02 7.180585701217168548e+00
4.662908110165694953e-02 7.433570487693919482e+00
5.028366429026950857e-02 7.695468377481703648e+00
5.412161523968628957e-02 7.966593395039225811e+00
5.814194794289533064e-02 8.247270628464542952e+00
6.234274150181205731e-02 8.537836619286769846e+00
6.672114293409037167e-02 8.838639765990738084e+00
7.127338404438791908e-02 9.150040741758632024e+00
7.599481234916639905e-02 9.472412926929402843e+00
8.087993565337503465e-02 9.806142856694414434e+00
8.592247948284686965e-02 1.015163068456628537e+01
9.111545619384890660e-02 1.050929066217653940e+01
9.645124422750073201e-02 1.087955163597733588e+01
1.019216756678144042e-01 1.126285756144299555e+01
1.075181300130244044e-01 1.165966803538758079e+01
1.132316318936527483e-01 1.207045884703714300e+01
1.190529503775969444e-01 1.249572254851715769e+01
1.249726974990724576e-01 1.293596904543919734e+01
1.309814237370512113e-01 1.339172620829508276e+01
1.370697083478446821e-01 1.386354050539153704e+01
1.432282427191626795e-01 1.435197765808419845e+01
1.494479052479996684e-01 1.485762331909679190e+01
1.557198266368182982e-01 1.538108377473853139e+01
1.620354449327073565e-01 1.592298667186202543e+01
1.683865500810024785e-01 1.648398177043320700e+01
1.747653182052192056e-01 1.706474172261549427e+01
1.811643362358673626e-01 1.766596287930261511e+01
1.875766178696939290e-01 1.828836612506695047e+01
1.939956121288606561e-01 1.893269774252460635e+01
2.004152059909130590e-01 1.959973030715363862e+01
2.068297226649762344e-01 2.029026361363818864e+01
2.132339170928678751e-01 2.100512563484948814e+01
2.196229701580067195e-01 2.174517351461352277e+01
2.259924828985563905e-01 2.251129459545542133e+01
2.323384717589389303e-01 2.330440748255336203e+01
2.386573655954282169e-01 2.412546314517731361e+01
2.449460048007266189e-01 2.497544605693347464e+01
2.512016425550854803e-01 2.585537537618160542e+01
2.574219478738538069e-01 2.676630616804037999e+01
2.636050098279619780e-01 2.770933066944631662e+01
2.697493420858192437e-01 2.868557959878298647e+01
2.758538867786019533e-01 2.969622351165068252e+01
2.819180166356681783e-01 3.074247420440229561e+01
2.879415343757366075e-01 3.182558616712829647e+01
2.939246684681661170e-01 3.294685808783297176e+01
2.998680645861589444e-01 3.410763440960534609e+01
3.057727723430560540e-01 3.530930694265212111e+01
3.116402272128215301e-01 3.655331653312530449e+01
3.174722278622512661e-01 3.784115479074572619e+01
3.232709094404101480e-01 3.917436587729368114e+01
3.290387136564031367e-01 4.055454835811126912e+01
3.347783567085873546e-01 4.198335711883654398e+01
3.404927962898270377e-01 4.346250534966755907e+01
3.461851989728506052e-01 4.499376659953558288e+01
3.518589092716228328e-01 4.657897690265037483e+01
3.575174215796636523e-01 4.822003697996758831e+01
3.631643560111894042e-01 4.991891451821772563e+01
3.688034389277137226e-01 5.167764652922927837e+01
3.744384886376918020e-01 5.349834179237500109e+01
3.800734064290056113e-01 5.538318338307001909e+01
3.857121727542948686e-01 5.733443129035332220e+01
3.913588480579616724e-01 5.935442512669139603e+01
3.970175774304269267e-01 6.144558693325279819e+01
4.026925980165582675e-01 6.361042408401786474e+01
4.083882479042322822e-01 6.585153229220522064e+01
4.141089750847342099e-01 6.817159872262001841e+01
4.198593450136267613e-01 7.057340521365560448e+01
4.256440453090464260e-01 7.305983161281230309e+01
4.314678862003503701e-01 7.563385922973237996e+01
4.373357954766028399e-01 7.829857441089134795e+01
4.432528068720489878e-01 8.105717224023216261e+01
4.492240410535183748e-01 8.391296037017927745e+01
4.552546786308565574e-01 8.686936298762636000e+01
4.613499248846409939e-01 8.992992491965243573e+01
4.675149661847895488e-01 9.309831588388979640e+01
4.737549183498141470e-01 9.637833488864008302e+01
4.800747674613048410e-01 9.977391478801430935e+01
4.864793038951958914e-01 1.032891269975582702e+02
4.929730505550735664e-01 1.069281863760178624e+02
4.995601864888185584e-01 1.106954562790979395e+02
5.062444672346256835e-01 1.145954537912739681e+02
5.130291433724537553e-01 1.186328551419294541e+02
5.199168788491975723e-01 1.228125013123137137e+02
5.269096706972064004e-01 1.271394038400426609e+02
5.340087717734388617e-01 1.316187508281026908e+02
5.412146181081599616e-01 1.362559131655621627e+02
5.485267623660385894e-01 1.410564509674494502e+02
5.559438147886025527e-01 1.460261202415197772e+02
5.634633928066465902e-01 1.511708797899040633e+02
5.710820802880194336e-01 1.564968983539146166e+02
5.787953971263410935e-01 1.620105620105753701e+02
5.865977795882444390e-01 1.677184818297449453e+02
5.944825715317829662e-01 1.736275018010140911e+02
6.024420262997992603e-01 1.797447070398813764e+02
6.104673187937978973e-01 1.860774322830467895e+02
6.185485669612188486e-01 1.926332706830102097e+02
6.266748616964133989e-01 1.994200829125192627e+02
6.348343039759681838e-01 2.064460065897825132e+02
6.430140479324673031e-01 2.137194660357495763e+02
6.512003485238839762e-01 2.212491823751581137e+02
6.593786124808855842e-01 2.290441839934587733e+02
6.675334513090361854e-01 2.371138173621552028e+02
6.756487352803409729e-01 2.454677582455408071e+02
6.837076475576809864e-01 2.541160233022681894e+02
6.916927378420002492e-01 2.630689820956641256e+02
6.995859751989483843e-01 2.723373695271861266e+02
7.073687999912906532e-01 2.819322987079347058e+02
7.150221750984776525e-01 2.918652742836508196e+02
7.225266368296181518e-01 3.021482062291757416e+02
7.298623461178253002e-01 3.127934241289167403e+02
7.370091407132837169e-01 3.238136919604352784e+02
7.439465891641385831e-01 3.352222233988902644e+02
7.506540473875004116e-01 3.470326976606839935e+02
7.571107185902850034e-01 3.592592759053050600e+02
7.632957172074267271e-01 3.719166182150402733e+02
7.691881373917570652e-01 3.850199011729107497e+02
7.747671264255778789e-01 3.985848360599094917e+02
7.800119632391614433e-01 4.126276876933624749e+02
7.849021420263151416e-01 4.271652939289938899e+02
7.894174607507389307e-01 4.422150858500879735e+02
7.935381141467560129e-01 4.577951086679507284e+02
7.972447906398764106e-01 4.739240433587281700e+02
8.005187724505384850e-01 4.906212290625326204e+02
8.033420380006993655e-01 5.079066862717274944e+02
8.056973656189945210e-01 5.258011408361765007e+02
8.075684374363374385e-01 5.443260488142435634e+02
8.089399422801112349e-01 5.635036221993314030e+02
8.097976763115245502e-01 5.833568555528172510e+02
8.101286401073582999e-01 6.039095535753145896e+02
8.099211308648867069e-01 6.251863596493126352e+02
8.091648284079937525e-01 6.472127853874314951e+02
8.078508736948455393e-01 6.700152412217107667e+02
8.059719385742759590e-01 6.936210680706132052e+02
8.035222856107977485e-01 7.180585701217169117e+02
8.004978168980897424e-01 7.433570487693918949e+02
7.968961109087216999e-01 7.695468377481695370e+02
7.927164465839019458e-01 7.966593395039217285e+02
7.879598140505351678e-01 8.247270628464543734e+02
7.826289115621682946e-01 8.537836619286770201e+02
7.767281284929580254e-01 8.838639765990736805e+02
7.702635144657240529e-01 9.150040741758631384e+02
7.632427349617966206e-01 9.472412926929403056e+02
7.556750140357439971e-01 9.806142856694414149e+02
7.475710650354162601e-01 1.015163068456627570e+03
7.389430104994704207e-01 1.050929066217652689e+03
7.298042926623112825e-01 1.087955163597733645e+03
7.201695762316131511e-01 1.126285756144299512e+03
7.100546453075112785e-01 1.165966803538758086e+03
6.994762964765703916e-01 1.207045884703714137e+03
6.884522302298409224e-01 1.249572254851715797e+03
6.770009429156021996e-01 1.293596904543919663e+03
6.651416214380648784e-01 1.339172620829506968e+03
6.528940428493410497e-01 1.386354050539152240e+03
6.402784808513258819e-01 1.435197765808419945e+03
6.273156210270551814e-01 1.485762331909679006e+03
6.140264863602917789e-01 1.538108377473852897e+03
6.004323742828615584e-01 1.592298667186202465e+03
5.865548061193701646e-01 1.648398177043320857e+03
5.724154893886045370e-01 1.706474172261549484e+03
5.580362929824070894e-01 1.766596287930259450e+03
5.434392347901215725e-01 1.828836612506693427e+03
5.286464808849985486e-01 1.893269774252460593e+03
5.136803549539560310e-01 1.959973030715363848e+03
4.985633562495401794e-01 2.029026361363818751e+03
4.833181839877095931e-01 2.100512563484948714e+03
4.679677658207002655e-01 2.174517351461352519e+03
4.525352877922169670e-01 2.251129459545542431e+03
4.370442230414439688e-01 2.330440748255333801e+03
4.215183564689696794e-01 2.412546314517729115e+03
4.059818026145139425e-01 2.497544605693347421e+03
3.904590141230068201e-01 2.585537537618160513e+03
3.749747783887077968e-01 2.676630616804038254e+03
3.595542002603013820e-01 2.770933066944630355e+03
3.442226690544868406e-01 2.868557959878298789e+03
3.290058085506566421e-01 2.969622351165067812e+03
3.139294091123689401e-01 3.074247420440226506e+03
2.990193415890818329e-01 3.182558616712828552e+03
2.843014531799417099e-01 3.294685808783296579e+03
2.698014459760930683e-01 3.410763440960534808e+03
2.555447394249684145e-01 3.530930694265212423e+03
2.415563184655866169e-01 3.655331653312528488e+03
2.278605695549817123e-01 3.784115479074572249e+03
2.144811072301036625e-01 3.917436587729368512e+03
2.014405942153303652e-01 4.055454835811123303e+03
1.887605583826429956e-01 4.198335711883652039e+03
1.764612100902321068e-01 4.346250534966755367e+03
1.645612635580427363e-01 4.499376659953558374e+03
1.530777659796409007e-01 4.657897690265038364e+03
1.420259380150585282e-01 4.822003697996757182e+03
1.314190291578883618e-01 4.991891451821772534e+03
1.212681912237573156e-01 5.167764652922927780e+03
1.115823728714791241e-01 5.349834179237494936e+03
1.023682376511303588e-01 5.538318338306999067e+03
9.363010758658592281e-02 5.733443129035333186e+03
8.536993375817981955e-02 5.935442512669139433e+03
7.758729477095262228e-02 6.144558693325280728e+03
7.027942339374633474e-02 6.361042408401783177e+03
6.344126105327399512e-02 6.585153229220522007e+03
5.706553928396218556e-02 6.817159872262001045e+03
5.114288668628006601e-02 7.057340521365552377e+03
4.566195944876744184e-02 7.305983161281226785e+03
4.060959305448602619e-02 7.563385922973237939e+03
3.597097243026668029e-02 7.829857441089135136e+03
3.172981751251459370e-02 8.105717224023216659e+03
2.786858099857913648e-02 8.391296037017922572e+03
2.436865492681688020e-02 8.686936298762637307e+03
2.121058267790775984e-02 8.992992491965242152e+03
1.837427300924532672e-02 9.309831588388969976e+03
1.583921281670484793e-02 9.637833488864003812e+03
1.358467545669772569e-02 9.977391478801431731e+03
1.158992164922952560e-02 1.032891269975582691e+04
9.834390213349957638e-03 1.069281863760178567e+04
8.297876154380165806e-03 1.106954562790978889e+04
6.960693922930328952e-03 1.145954537912739579e+04
5.803823994908315076e-03 1.186328551419294490e+04
4.809041275688707984e-03 1.228125013123135977e+04
3.959024206430091126e-03 1.271394038400425961e+04
3.237443841634765358e-03 1.316187508281026930e+04
2.629032568844582446e-03 1.362559131655621422e+04
2.119632546935353544e-03 1.410564509674494366e+04
1.696224340442907888e-03 1.460261202415197113e+04
1.346936614023080611e-03 1.511708797899040655e+04
1.061038112794265506e-03 1.564968983539146211e+04
8.289134797232888948e-04 1.620105620105751768e+04
6.420247393818829130e-04 1.677184818297448146e+04
4.928604982908501176e-04 1.736275018010141139e+04
3.748750674394025237e-04 1.797447070398813594e+04
2.824197967013693266e-04 1.860774322830467645e+04
2.106689211708215163e-04 1.926332706830101233e+04
1.555421568112180862e-04 1.994200829125192831e+04
1.136261517754928485e-04 2.064460065897825189e+04
8.209670827667040827e-05 2.137194660357493558e+04
5.864344893104268423e-05 2.212491823751580159e+04
4.139832431201157789e-05 2.290441839934587551e+04
2.886905969929235840e-05 2.371138173621552414e+04
1.987833374797801011e-05 2.454677582455407901e+04
1.350918448969892599e-05 2.541160233022681859e+04
9.056861623872935078e-06 2.630689820956638505e+04
5.987099050350143487e-06 2.723373695271860925e+04
3.900575755986043559e-06 2.819322987079344603e+04
2.503171066755242835e-06 2.918652742836507969e+04
1.581503330248007888e-06 3.021482062291757393e+04
9.831678191212779771e-07 3.127934241289164129e+04
6.010561338953244777e-07 3.238136919604352443e+04
3.611399117813105074e-07 3.352222233988902008e+04
2.131293751705934540e-07 3.470326976606843527e+04
1.234649053728371957e-07 3.592592759053051122e+04
7.016031778493738480e-08 3.719166182150399254e+04
3.908344359972924304e-08 3.850199011729106860e+04
2.132762432035034225e-08 3.985848360599095031e+04
1.139265551442011310e-08 4.126276876933620952e+04
5.952695004911855540e-09 4.271652939289939241e+04
3.039977456396409931e-09 4.422150858500879258e+04
1.516160428598423430e-09 4.577951086679502623e+04
7.378629457323888800e-10 4.739240433587281586e+04
3.500958255947653738e-10 4.906212290625321475e+04
1.618044967546544346e-10 5.079066862717274489e+04
7.277542187521780132e-11 5.258011408361764916e+04
3.182389106912587809e-11 5.443260488142428949e+04
1.351653857452252137e-11 5.635036221993313666e+04
5.570259719097045661e-12 5.833568555528172874e+04
2.224956522001280707e-12 6.039095535753151489e+04
8.604504309955470262e-13 6.251863596493125078e+04
3.218056831887010266e-13 6.472127853874307038e+04
1.162553481188464325e-13 6.700152412217107485e+04
4.051850005277334226e-14 6.936210680706132553e+04
1.360711629854180008e-14 7.180585701217161841e+04
4.397268087669635573e-15 7.433570487693918403e+04
1.365575372466187686e-15 7.695468377481696371e+04
4.069633897943674220e-16 7.966593395039209281e+04
1.162175024549779817e-16 8.247270628464543552e+04
3.175496578411916504e-17 8.537836619286760106e+04
8.288960453214101446e-18 8.838639765990737942e+04
2.063656373802520664e-18 9.150040741758632066e+04
4.892147514128212688e-19 9.472412926929394598e+04
1.102394374697233756e-19 9.806142856694413058e+04
2.357076873531822468e-20 1.015163068456627661e+05
4.773165691497992024e-21 1.050929066217654035e+05
9.137000915401614718e-22 1.087955163597733772e+05
1.650077381602713411e-22 1.126285756144298211e+05
2.805544732880502966e-23 1.165966803538758104e+05
4.481461673073840896e-24 1.207045884703714255e+05
6.710527035416740984e-25 1.249572254851714533e+05
9.398082004721553261e-26 1.293596904543919518e+05
1.228128613576905141e-26 1.339172620829506777e+05
1.493863061853454467e-27 1.386354050539150776e+05
1.687108490482603163e-28 1.435197765808420081e+05
1.764431613200754833e-29 1.485762331909677596e+05
1.704199950224405902e-30 1.538108377473852888e+05
1.515908695650260396e-31 1.592298667186202365e+05
1.238232835021012803e-32 1.648398177043318865e+05
9.259850406353637207e-34 1.706474172261549393e+05
6.320153951126737039e-35 1.766596287930259423e+05
3.924419733639998334e-36 1.828836612506695383e+05
2.209531384597542406e-37 1.893269774252460629e+05
1.124096681367906498e-38 1.959973030715361529e+05
5.149143288765968739e-40 2.029026361363818578e+05
2.115867760050370354e-41 2.100512563484948769e+05
7.769662252361877813e-43 2.174517351461350045e+05
2.539540351386008100e-44 2.251129459545542486e+05
7.358107225146447079e-46 2.330440748255333747e+05
1.881876082318027656e-47 2.412546314517726423e+05
4.229809195489255323e-49 2.497544605693347112e+05
8.317236359150352960e-51 2.585537537618158385e+05
1.424032365989166334e-52 2.676630616804037709e+05
2.112638465667100385e-54 2.770933066944630700e+05
2.702105767551556694e-56 2.868557959878295660e+05
2.964022024178237225e-58 2.969622351165068103e+05
2.773400163314301108e-60 3.074247420440225978e+05
2.201217683823472552e-62 3.182558616712831426e+05
1.473378760404404680e-64 3.294685808783296379e+05
8.267223040022154627e-67 3.410763440960531589e+05
3.864557475653468708e-69 3.530930694265212514e+05
1.495342555104703363e-71 3.655331653312527924e+05
4.757621854156258302e-74 3.784115479074568721e+05
1.236098402618688628e-76 3.917436587729368475e+05
2.603935128277737007e-79 4.055454835811122903e+05
4.414811288713149082e-82 4.198335711883647600e+05
5.978287709779285658e-85 4.346250534966755658e+05
6.414826754152131990e-88 4.499376659953553462e+05
5.409736382055300096e-91 4.657897690265037818e+05
3.555203645113546546e-94 4.822003697996757110e+05
1.804821985941117493e-97 4.991891451821767841e+05
7.013513538180649006e-101 5.167764652922927635e+05
2.066707327657482023e-104 5.349834179237495409e+05
4.573313935696338150e-108 5.538318338307004888e+05
7.523314531564899765e-112 5.733443129035332240e+05
9.104931058865946198e-116 5.935442512669133721e+05
8.019301981104696999e-120 6.144558693325280910e+05
5.083076980925258032e-124 6.361042408401783323e+05
2.291993926646275891e-128 6.585153229220515350e+05
7.264169964628808365e-133 6.817159872262000572e+05
1.598268735711357678e-137 7.057340521365553141e+05
2.410018296353026186e-142 7.305983161281220382e+05
2.457628904921281399e-147 7.563385922973238630e+05
1.671678362530243332e-152 7.829857441089127678e+05
7.477109488334718704e-158 8.105717224023216404e+05
2.166931726254568270e-163 8.391296037017924245e+05
4.007255826537907798e-169 8.686936298762627412e+05
4.654416069807699017e-175 8.992992491965242662e+05
3.340283947221866776e-181 9.309831588388970122e+05
1.456245698712874711e-187 9.637833488864013925e+05
3.789592368310747175e-194 9.977391478801431367e+05
5.780450699503507016e-201 1.032891269975581672e+06
5.071879152990116607e-208 1.069281863760178676e+06
2.510456785114088328e-215 1.106954562790978933e+06
6.869953821086692382e-223 1.145954537912738509e+06
1.017897501513904804e-230 1.186328551419294672e+06
7.991271858180441457e-239 1.228125013123136014e+06
3.250656749817999303e-247 1.271394038400424877e+06
6.694359072622135951e-256 1.316187508281026967e+06
6.814193367325031226e-265 1.362559131655620178e+06
3.344301293542089391e-274 1.410564509674494388e+06
7.712938985418247638e-284 1.460261202415197156e+06
8.139594277818182884e-294 1.511708797899039229e+06
3.823769284072997491e-304 1.564968983539146371e+06
7.771466366096951824e-315 1.620105620105751790e+06
0.000000000000000000e+00 1.677184818297450198e+06
0.000000000000000000e+00 1.736275018010140862e+06
0.000000000000000000e+00 1.797447070398811949e+06
0.000000000000000000e+00 1.860774322830467718e+06
0.000000000000000000e+00 1.926332706830101088e+06
0.000000000000000000e+00 1.994200829125190852e+06
0.000000000000000000e+00 2.064460065897825407e+06
0.000000000000000000e+00 2.137194660357493442e+06
0.000000000000000000e+00 2.212491823751577642e+06
0.000000000000000000e+00 2.290441839934587479e+06
0.000000000000000000e+00 2.371138173621549737e+06
0.000000000000000000e+00 2.454677582455407828e+06
