1.996046844191472908e-02 1.948210058128353119e+09
2.023174163589641986e-02 2.016848958362342834e+09
2.051271813501902644e-02 2.087906128949508905e+09
2.080374850721057947e-02 2.161466769849071980e+09
2.110519611288156142e-02 2.237619082766132355e+09
2.141743756864168680e-02 2.316454376908493996e+09
2.174086322644580571e-02 2.398067178469511032e+09
2.207587766846391339e-02 2.482555343968207836e+09
2.242290021796939162e-02 2.570020177582553864e+09
2.278236546648734762e-02 2.660566552616620064e+09
2.315472381744027031e-02 2.754303037247227192e+09
2.354044204646718944e-02 2.851342024700871944e+09
2.394000387857846482e-02 2.951799868017032146e+09
2.435391058222549643e-02 3.055797019559392452e+09
2.478268158034886356e-02 3.163458175442325592e+09
2.522685507836937638e-02 3.274912425045773506e+09
2.568698870903625420e-02 3.390293405797778606e+09
2.616366019396932849e-02 3.509739463410307407e+09
2.665746802161870696e-02 3.633393817760450840e+09
2.716903214129251509e-02 3.761404734615914822e+09
2.769899467277246036e-02 3.893925703410723209e+09
2.824802063091329946e-02 4.031115621284234047e+09
2.881679866449799593e-02 4.173138983604217052e+09
2.940604180844271637e-02 4.320166081202392578e+09
3.001648824830463469e-02 4.472373204558892250e+09
3.064890209583316302e-02 4.629942855180551529e+09
3.130407417412375132e-02 4.793063964426398277e+09
3.198282281070408822e-02 4.961932120042762756e+09
3.268599463663246496e-02 5.136749800679645538e+09
3.341446538943721595e-02 5.317726618669457436e+09
3.416914071744182185e-02 5.505079571359339714e+09
3.495095698270460349e-02 5.699033301298359871e+09
3.576088205947600823e-02 5.899820365591522217e+09
3.659991612472621170e-02 6.107681514743652344e+09
3.746909243690899755e-02 6.322865981327416420e+09
3.836947809872644916e-02 6.545631778821628571e+09
3.930217479923018425e-02 6.776246010978195190e+09
4.026831953013085275e-02 7.014985192088542938e+09
4.126908527072271210e-02 7.262135578533648491e+09
4.230568163530345344e-02 7.517993512015192986e+09
4.337935547646439710e-02 7.782865774879261017e+09
4.449139143705189980e-02 8.057069957958821297e+09
4.564311244306093474e-02 8.340934841375914574e+09
4.683588012910454290e-02 8.634800788760154724e+09
4.807109518753750754e-02 8.939020155356321335e+09
4.935019763167122764e-02 9.253957710510190964e+09
5.067466696295367529e-02 9.579991075039409637e+09
5.204602223132717698e-02 9.917511174013675690e+09
5.346582197743501852e-02 1.026692270548712540e+10
5.493566404472751546e-02 1.062864462574506187e+10
5.645718524901426061e-02 1.100311065164676285e+10
5.803206089245365601e-02 1.139076978066669464e+10
5.966200410856391245e-02 1.179208682925777626e+10
6.134876502441524021e-02 1.220754299018200302e+10
6.309412972588322732e-02 1.263763640947694397e+10
6.489991901160871435e-02 1.308288278374978256e+10
6.676798692125129886e-02 1.354381597851497459e+10
6.870021902363709909e-02 1.402098866831717491e+10
7.069853045063485830e-02 1.451497299940675354e+10
7.276486366296189279e-02 1.502636127576256180e+10
7.490118593471332964e-02 1.555576666928455734e+10
7.710948654424461257e-02 1.610382395500764847e+10
7.939177366007882375e-02 1.667119027221852493e+10
8.175007091189408215e-02 1.725854591238803864e+10
8.418641363826691315e-02 1.786659513486366272e+10
8.670284480486367684e-02 1.849606701130040741e+10
8.930141058904796092e-02 1.914771629984247208e+10
9.198415562962201919e-02 1.982232435010385895e+10
9.475311794343757588e-02 2.052070004003314590e+10
9.761032351411455532e-02 2.124368074578549957e+10
1.005577805619439768e-01 2.199213334576515198e+10
1.035974735083119852e-01 2.276695526004206848e+10
1.067313566526228164e-01 2.356907552638902664e+10
1.099613475846773492e-01 2.439945591422942352e+10
1.132893203608126426e-01 2.525909207783148193e+10
1.167170984777090859e-01 2.614901475013153076e+10
1.202464476835849727e-01 2.707029097861774445e+10
1.238790686725271262e-01 2.802402540475630951e+10
1.276165897137015726e-01 2.901136158849399948e+10
1.314605592731918071e-01 3.003348337942544937e+10
1.354124386920260992e-01 3.109161633626893234e+10
1.394735949894061744e-01 3.218702919635285950e+10
1.436452938651509026e-01 3.332103539687489700e+10
1.479286929796507499e-01 3.449499464975778961e+10
1.523248355930705289e-01 3.571031457199008942e+10
1.568346446478580125e-01 3.696845237340664673e+10
1.614589173796616428e-01 3.827091660393267822e+10
1.661983205412388420e-01 3.961926896238640594e+10
1.710533863216971429e-01 4.101512616900888062e+10
1.760245090391582279e-01 4.246016190396637726e+10
1.811119426785531006e-01 4.395610881414979553e+10
1.863157993375022803e-01 4.550476059067707062e+10
1.916360486320254908e-01 4.710797411958972168e+10
1.970725181000357040e-01 4.876767170832215118e+10
2.026248946242078797e-01 5.048584339061356354e+10
2.082927268768764995e-01 5.226454931262600708e+10
2.140754287682786750e-01 5.410592220312949371e+10
2.199722838558943183e-01 5.601216993071614075e+10
2.259824506472179473e-01 5.798557815110956573e+10
2.321049687013867768e-01 6.002851304774377441e+10
2.383387654073155781e-01 6.214342416889730835e+10
2.446826632879390839e-01 6.433284736478476715e+10
2.511353876526395967e-01 6.659940782812725067e+10
2.576955743937991983e-01 6.894582324184768677e+10
2.643617776996096680e-01 7.137490703766479492e+10
2.711324774348136679e-01 7.388957176949311829e+10
2.780060859249537941e-01 7.649283260569409180e+10
2.849809538690747934e-01 7.918781094436537170e+10
2.920553751015247390e-01 8.197773815600297546e+10
2.992275899266382821e-01 8.486595945802404785e+10
3.064957867611449727e-01 8.785593792579626465e+10
3.138581018390217414e-01 9.095125864498277283e+10
3.213126167622075702e-01 9.415563301018147278e+10
3.288573537184369955e-01 9.747290317501306152e+10
3.364902682339469542e-01 1.009070466589936829e+11
3.442092393834318975e-01 1.044621811167159119e+11
3.520120574412973768e-01 1.081425692750562897e+11
3.598964090255910020e-01 1.119526240443294830e+11
3.678598598572520029e-01 1.158969138095174713e+11
3.758998353303436568e-01 1.199801679079184875e+11
3.840135991614691546e-01 1.242072822997826843e+11
3.921982304559358257e-01 1.285833254387346649e+11
4.004505995919183658e-01 1.331135443490213623e+11
4.087673433790887656e-01 1.378033709168724670e+11
4.171448399925319905e-01 1.426584284035162354e+11
4.255791842139201586e-01 1.476845381876602478e+11
4.340661635279891573e-01 1.528877267455224609e+11
4.426012356219625188e-01 1.582742328767806396e+11
4.511795078178301721e-01 1.638505151851049500e+11
4.597957189321210669e-01 1.696232598222427063e+11
4.684442240054753070e-01 1.755993885049413452e+11
4.771189822761381927e-01 1.817860668143221130e+11
4.858135486891432264e-01 1.881907127876546326e+11
4.945210691389876900e-01 1.948210058128353271e+11
5.032342795407156455e-01 2.016848958362340698e+11
5.119455087158697459e-01 2.087906128949506836e+11
5.206466849690584153e-01 2.161466769849072266e+11
5.293293461214936269e-01 2.237619082766132507e+11
5.379846526630108761e-01 2.316454376908494263e+11
5.466034035870616092e-01 2.398067178469511108e+11
5.551760543865862374e-01 2.482555343968208008e+11
5.636927366149229179e-01 2.570020177582554321e+11
5.721432783567669267e-01 2.660566552616617432e+11
5.805172249109168403e-01 2.754303037247224121e+11
5.888038589599889905e-01 2.851342024700871582e+11
5.969922194927277381e-01 2.951799868017032471e+11
6.050711187521266021e-01 3.055797019559392700e+11
6.130291565069677651e-01 3.163458175442325439e+11
6.208547309853650331e-01 3.274912425045773315e+11
6.285360458660375071e-01 3.390293405797778320e+11
6.360611127961295352e-01 3.509739463410303345e+11
6.434177489932307870e-01 3.633393817760447388e+11
6.505935695939423224e-01 3.761404734615914917e+11
6.575759745319698091e-01 3.893925703410723267e+11
6.643521298656047680e-01 4.031115621284234619e+11
6.709089436277440033e-01 4.173138983604216919e+11
6.772330364413869930e-01 4.320166081202391968e+11
6.833107073294731881e-01 4.472373204558892822e+11
6.891278953491725145e-01 4.629942855180547485e+11
6.946701378957104156e-01 4.793063964426393433e+11
6.999225267469816325e-01 4.961932120042763062e+11
7.048696631540531943e-01 5.136749800679645386e+11
7.094956135193212221e-01 5.317726618669458008e+11
7.137838674376820736e-01 5.505079571359339600e+11
7.177173000992083107e-01 5.699033301298360596e+11
7.212781412561830585e-01 5.899820365591523438e+11
7.244479531334468980e-01 6.107681514743646240e+11
7.272076197986763191e-01 6.322865981327409668e+11
7.295373505977758022e-01 6.545631778821628418e+11
7.314167002893302572e-01 6.776246010978195801e+11
7.328246084706758756e-01 7.014985192088541260e+11
7.337394607672055313e-01 7.262135578533648682e+11
7.341391740480518457e-01 7.517993512015192871e+11
7.340013076293525618e-01 7.782865774879261475e+11
7.333032020275512819e-01 8.057069957958813477e+11
7.320221463293982156e-01 8.340934841375906982e+11
7.301355746558582105e-01 8.634800788760155029e+11
7.276212915213277066e-01 8.939020155356320801e+11
7.244577251389304751e-01 9.253957710510192871e+11
7.206242069129056294e-01 9.579991075039409180e+11
7.161012745101426047e-01 9.917511174013676758e+11
7.108709950382893217e-01 1.026692270548712402e+12
7.049173040043322791e-01 1.062864462574505127e+12
6.982263549142222470e-01 1.100311065164675049e+12
6.907868736313201863e-01 1.139076978066669678e+12
6.825905109696818185e-01 1.179208682925777588e+12
6.736321864866212650e-01 1.220754299018200195e+12
6.639104160841868829e-01 1.263763640947694336e+12
6.534276158535408108e-01 1.308288278374978271e+12
6.421903746169569382e-01 1.354381597851497559e+12
6.302096878497887023e-01 1.402098866831716064e+12
6.175011461027752890e-01 1.451497299940673828e+12
6.040850716889389904e-01 1.502636127576256104e+12
5.899865982367850092e-01 1.555576666928455811e+12
5.752356887226829363e-01 1.610382395500764893e+12
5.598670887534157314e-01 1.667119027221852295e+12
5.439202131425131537e-01 1.725854591238803955e+12
5.274389651744103569e-01 1.786659513486366455e+12
5.104714893392542363e-01 1.849606701130039062e+12
4.930698597081525913e-01 1.914771629984245605e+12
4.752897074643401276e-01 1.982232435010385986e+12
4.571897923732432534e-01 2.052070004003314453e+12
4.388315241307355064e-01 2.124368074578549805e+12
4.202784405458177552e-01 2.199213334576514160e+12
4.015956503690687462e-01 2.276695526004207031e+12
3.828492492549360193e-01 2.356907552638902344e+12
3.641057178336317146e-01 2.439945591422939941e+12
3.454313111620530563e-01 2.525909207783146973e+12
3.268914489227994769e-01 2.614901475013152832e+12
3.085501156504412701e-01 2.707029097861774902e+12
2.904692799929877167e-01 2.802402540475630859e+12
2.727083415753089879e-01 2.901136158849398438e+12
2.553236134341282382e-01 3.003348337942544922e+12
2.383678472573908802e-01 3.109161633626893555e+12
2.218898078025995091e-01 3.218702919635282715e+12
2.059339019092651379e-01 3.332103539687488281e+12
1.905398664817718191e-01 3.449499464975779297e+12
1.757425187239781417e-01 3.571031457199009277e+12
1.615715707803351830e-01 3.696845237340664551e+12
1.480515098052540279e-01 3.827091660393266113e+12
1.352015433680975598e-01 3.961926896238640625e+12
1.230356090297983485e-01 4.101512616900888184e+12
1.115624459211964209e-01 4.246016190396633789e+12
1.007857252325405489e-01 4.395610881414977539e+12
9.070423570426489057e-02 4.550476059067707031e+12
8.131211950287085821e-02 4.710797411958971680e+12
7.259915327951080299e-02 4.876767170832215820e+12
6.455106874478817869e-02 5.048584339061353516e+12
5.714990674905772589e-02 5.226454931262600586e+12
5.037439862705869048e-02 5.410592220312949219e+12
4.420036844023112615e-02 5.601216993071608398e+12
3.860114971936093320e-02 5.798557815110954102e+12
3.354801036383409096e-02 6.002851304774376953e+12
2.901057948244826004e-02 6.214342416889731445e+12
2.495727015713920457e-02 6.433284736478476562e+12
2.135569237044494806e-02 6.659940782812720703e+12
1.817305065816680193e-02 6.894582324184768555e+12
1.537652143100498234e-02 7.137490703766478516e+12
1.293360535506880848e-02 7.388957176949302734e+12
1.081245069368126123e-02 7.649283260569406250e+12
8.982144093436974369e-03 7.918781094436539062e+12
7.412965945308042440e-03 8.197773815600297852e+12
6.076608162343587194e-03 8.486595945802405273e+12
4.946352980161536350e-03 8.785593792579622070e+12
3.997212190864421477e-03 9.095125864498277344e+12
3.206027046029224885e-03 9.415563301018148438e+12
2.551529886405422450e-03 9.747290317501298828e+12
2.014369348064246491e-03 1.009070466589936328e+13
1.577101728544416876e-03 1.044621811167159180e+13
1.224151743974174079e-03 1.081425692750562891e+13
9.417464435839349160e-04 1.119526240443294727e+13
7.178264502327381036e-04 1.158969138095174219e+13
5.419389494478078642e-04 1.199801679079184961e+13
4.051169472929043989e-04 1.242072822997826953e+13
2.997492594946957840e-04 1.285833254387345312e+13
2.194454891847030234e-04 1.331135443490212891e+13
1.588999144691806073e-04 1.378033709168724805e+13
1.137577623819942203e-04 1.426584284035162109e+13
8.048681998953098919e-05 1.476845381876602344e+13
5.625675674979424199e-05 1.528877267455223828e+13
3.882793568142791328e-05 1.582742328767806641e+13
2.645090414471031260e-05 1.638505151851049609e+13
1.777720454533100321e-05 1.696232598222425391e+13
1.178165279661175734e-05 1.755993885049412891e+13
7.695813911361291986e-06 1.817860668143221094e+13
4.952069367016882147e-06 1.881907127876546484e+13
3.137423384275316134e-06 1.948210058128353125e+13
1.956032749948706222e-06 2.016848958362340625e+13
1.199360273725856518e-06 2.087906128949504688e+13
7.228347714830920233e-07 2.161466769849071875e+13
4.279377216820197032e-07 2.237619082766130078e+13
2.487146072072650888e-07 2.316454376908494141e+13
1.418138394671399146e-07 2.398067178469510938e+13
7.927568348544697273e-08 2.482555343968205469e+13
4.341727691211207635e-08 2.570020177582553906e+13
2.327945743847220645e-08 2.660566552616617188e+13
1.221085986485619204e-08 2.754303037247226953e+13
6.261044047293835375e-09 2.851342024700871875e+13
3.135642562879651427e-09 2.951799868017029297e+13
1.532588379744068456e-09 3.055797019559392969e+13
7.304170640897667334e-10 3.163458175442325781e+13
3.391382565696290942e-10 3.274912425045770312e+13
1.532652277642111220e-10 3.390293405797778516e+13
6.735314495294200996e-11 3.509739463410303906e+13
2.875354249178183511e-11 3.633393817760443750e+13
1.191244282428293911e-11 3.761404734615914844e+13
4.784399465144135115e-12 3.893925703410718750e+13
1.860784778551394950e-12 4.031115621284234375e+13
7.000276637219572659e-13 4.173138983604217188e+13
2.544342194687901843e-13 4.320166081202387500e+13
8.923805047970459143e-14 4.472373204558892969e+13
3.016430151288930524e-14 4.629942855180547656e+13
9.813870090258875989e-15 4.793063964426397656e+13
3.069067612763698085e-15 4.961932120042762500e+13
9.212689085620202431e-16 5.136749800679639844e+13
2.650657048749574313e-16 5.317726618669457812e+13
7.298928646561615546e-17 5.505079571359339844e+13
1.920576338645126116e-17 5.699033301298353906e+13
4.821427892550366032e-18 5.899820365591522656e+13
1.152847060671464316e-18 6.107681514743646094e+13
2.621045447650371511e-19 6.322865981327403906e+13
5.656045642754740203e-20 6.545631778821628125e+13
1.156347186170981705e-20 6.776246010978188281e+13
2.235496196830109308e-21 7.014985192088542188e+13
4.078628973699128270e-22 7.262135578533650000e+13
7.008468473842944340e-23 7.517993512015185938e+13
1.131836192447266033e-23 7.782865774879260938e+13
1.714139318269838864e-24 8.057069957958814062e+13
2.429001873302130640e-25 8.340934841375915625e+13
3.213003910635433151e-26 8.634800788760156250e+13
3.957700800078710642e-27 8.939020155356310938e+13
4.528271731930384895e-28 9.253957710510192188e+13
4.800106964231223475e-29 9.579991075039409375e+13
4.701425816715157098e-30 9.917511174013665625e+13
4.242859466341043791e-31 1.026692270548712500e+14
3.517917230154892069e-32 1.062864462574505156e+14
2.671861209340900197e-33 1.100311065164674062e+14
1.853109982880142251e-34 1.139076978066669531e+14
1.169924791135849187e-35 1.179208682925776406e+14
6.701092406429225488e-37 1.220754299018200156e+14
3.470363518725705978e-38 1.263763640947694375e+14
1.619214367717269389e-39 1.308288278374976719e+14
6.781687075434420128e-41 1.354381597851497500e+14
2.539936935045158583e-42 1.402098866831716094e+14
8.473239270150626309e-44 1.451497299940675312e+14
2.507532989635866969e-45 1.502636127576255938e+14
6.555131408240083157e-47 1.555576666928454062e+14
1.507148485703965024e-48 1.610382395500764688e+14
3.033933417922365391e-50 1.667119027221852500e+14
5.322279442129777449e-52 1.725854591238802188e+14
8.097025933596447549e-54 1.786659513486366562e+14
1.062943172177964539e-55 1.849606701130039062e+14
1.197829105073233914e-57 1.914771629984243438e+14
1.152508450970026079e-59 1.982232435010385938e+14
9.415419303032587249e-62 2.052070004003312812e+14
6.493489665985940272e-64 2.124368074578549688e+14
3.758097449809360000e-66 2.199213334576514062e+14
1.813954820720720566e-68 2.276695526004204688e+14
7.255645699672252016e-71 2.356907552638902500e+14
2.389140100962503314e-73 2.439945591422940000e+14
6.432008265926588244e-76 2.525909207783149375e+14
1.405754894281799931e-78 2.614901475013152812e+14
2.475943298463730073e-81 2.707029097861772188e+14
3.487687166252869582e-84 2.802402540475630938e+14
3.898355137913356040e-87 2.901136158849398125e+14
3.429518822097711673e-90 3.003348337942541875e+14
2.354664671340021391e-93 3.109161633626893750e+14
1.250766160492387622e-96 3.218702919635282500e+14
5.093869516207180649e-100 3.332103539687484375e+14
1.575720800920402951e-103 3.449499464975779375e+14
3.666590320611863436e-107 3.571031457199005625e+14
6.353906563246135472e-111 3.696845237340664375e+14
8.115303102699117717e-115 3.827091660393266250e+14
7.557626570095493027e-119 3.961926896238636875e+14
5.075159166396089989e-123 4.101512616900888125e+14
2.429371695454698213e-127 4.246016190396633750e+14
8.191030746341318357e-132 4.395610881414981875e+14
1.921414959535365223e-136 4.550476059067707500e+14
3.095926299927827727e-141 4.710797411958967500e+14
3.381427865563005410e-146 4.876767170832215000e+14
2.469451343542106938e-151 5.048584339061354375e+14
1.188865748006446811e-156 5.226454931262594375e+14
3.718102235520981331e-162 5.410592220312949375e+14
7.439873558478790873e-168 5.601216993071608750e+14
9.376321618435477031e-174 5.798557815110947500e+14
7.322315032842543311e-180 6.002851304774377500e+14
3.484097792755040468e-186 6.214342416889725000e+14
9.926069543429853166e-193 6.433284736478476250e+14
1.662881451239170669e-199 6.659940782812721250e+14
1.607747004968259428e-206 6.894582324184761250e+14
8.799049859883779703e-214 7.137490703766478750e+14
2.671827245774960773e-221 7.388957176949303750e+14
4.408812258627125370e-229 7.649283260569413750e+14
3.869403381840153352e-237 7.918781094436538750e+14
1.766506941409330460e-245 8.197773815600288750e+14
4.099539288540622414e-254 8.486595945802405000e+14
4.722263377836057682e-263 8.785593792579622500e+14
2.634165999745110689e-272 9.095125864498268750e+14
6.936151756913682524e-282 9.415563301018148750e+14
8.396346847330085284e-292 9.747290317501297500e+14
4.546399955818045181e-302 1.009070466589935375e+15
0.000000000000000000e+00 1.044621811167159000e+15
0.000000000000000000e+00 1.081425692750561875e+15
0.000000000000000000e+00 1.119526240443294750e+15
0.000000000000000000e+00 1.158969138095174250e+15
0.000000000000000000e+00 1.199801679079183750e+15
0.000000000000000000e+00 1.242072822997827000e+15
0.000000000000000000e+00 1.285833254387345250e+15
0.000000000000000000e+00 1.331135443490214250e+15
0.000000000000000000e+00 1.378033709168724750e+15
0.000000000000000000e+00 1.426584284035160750e+15
0.000000000000000000e+00 1.476845381876602500e+15
0.000000000000000000e+00 1.528877267455223750e+15
0.000000000000000000e+00 1.582742328767805000e+15
0.000000000000000000e+00 1.638505151851049750e+15
0.000000000000000000e+00 1.696232598222425250e+15
0.000000000000000000e+00 1.755993885049410750e+15
0.000000000000000000e+00 1.817860668143221250e+15
0.000000000000000000e+00 1.881907127876544500e+15
0.000000000000000000e+00 1.948210058128353000e+15
