1.242950241238112241e+01 2.276902222777271056e+00
1.229033945270022166e+01 2.357121531706361406e+00
1.214986100099210198e+01 2.440167109352959329e+00
1.200815222815274552e+01 2.526138530183239084e+00
1.186530217858798864e+01 2.615138876848660754e+00
1.172140357818458867e+01 2.707274863785556818e+00
1.157655261579664518e+01 2.802656965169368242e+00
1.143084869868584974e+01 2.901399547376939836e+00
1.128439418264685301e+01 3.003621006115671399e+00
1.113729407784956216e+01 3.109443908383998867e+00
1.098965573173189547e+01 3.218995139433384889e+00
1.084158849057166485e+01 3.332406054908035653e+00
1.069320334165112740e+01 3.449812638344793125e+00
1.054461253819238742e+01 3.571355664221987691e+00
1.039592920948124011e+01 3.697180866752828088e+00
1.024726695880447913e+01 3.827439114625678762e+00
1.009873945199267986e+01 3.962286591900715749e+00
9.950459999484419171e+00 4.101884985279932394e+00
9.802541134902003961e+00 4.246401677974977140e+00
9.655094193150103976e+00 4.396009950405300515e+00
9.508228891017038720e+00 4.550889187967278815e+00
9.362052913171474700e+00 4.711225096123363265e+00
9.216671506309365824e+00 4.877209923069250053e+00
9.072187084019979864e+00 5.049042690246001719e+00
8.928698844711533411e+00 5.226929430973483726e+00
8.786302404676645139e+00 5.411083437491325476e+00
8.645089448092072359e+00 5.601725516703552010e+00
8.505147395451436054e+00 5.799084254933547733e+00
8.366559091631767586e+00 6.003396292006842216e+00
8.229402514512358380e+00 6.214906604990255268e+00
8.093750504805749202e+00 6.433868801927734360e+00
7.959670517542572377e+00 6.660545425925023189e+00
7.827224395480310903e+00 6.895208269947721291e+00
7.696468164593938788e+00 7.138138702710296712e+00
7.567451851757001080e+00 7.389628006046720543e+00
7.440219324739393514e+00 7.649977724167262849e+00
7.314808154731665901e+00 7.919500025220267858e+00
7.191249501751653561e+00 8.198518075592309273e+00
7.069568023489109621e+00 8.487366427395679480e+00
6.949781808385776749e+00 8.786391419607760156e+00
6.831902334018900902e+00 9.095951593343146513e+00
6.715934452135675414e+00 9.416418121756658266e+00
6.601876401957616380e+00 9.748175255092538904e+00
6.489719853615225631e+00 1.009162078141351948e+01
6.379449983764824417e+00 1.044716650356227028e+01
6.271045585562518454e+00 1.081523873292689508e+01
6.164479215206217333e+00 1.119627880060281377e+01
6.059717377193075905e+00 1.159074358656373249e+01
5.956720750266940811e+00 1.199910606747619468e+01
5.855444455741975140e+00 1.242185588381468264e+01
5.755838369488611939e+00 1.285949992695717192e+01
5.657847478360435112e+00 1.331256294696506615e+01
5.561412281239285882e+00 1.378158818177639588e+01
5.466469234199732519e+00 1.426713800856646053e+01
5.372951238564321663e+00 1.476979461805718508e+01
5.280788169864774950e+00 1.529016071258360832e+01
5.189907444970235595e+00 1.582886022875434051e+01
5.100234623919508437e+00 1.638653908557279593e+01
5.011694042327277998e+00 1.696386595891598859e+01
4.924209469647882642e+00 1.756153308329959017e+01
4.837704788092953123e+00 1.818025708189065526e+01
4.752104686619850860e+00 1.882077982576305786e+01
4.667335364142614296e+00 1.948386932342609157e+01
4.583325235957235400e+00 2.017032064169283245e+01
4.500005637306982997e+00 2.088095685899211063e+01
4.417311518018865790e+00 2.161663005226754564e+01
4.335182122192836829e+00 2.237822231864670997e+01
4.253561646991840028e+00 2.316664683310550643e+01
4.172399874632946926e+00 2.398284894339603923e+01
4.091652771691982160e+00 2.482780730355052867e+01
4.011283049785726362e+00 2.570253504732076522e+01
3.931260681577323890e+00 2.660808100295992062e+01
3.851563365863210020e+00 2.754553095080315472e+01
3.772176935258307218e+00 2.851600892515508079e+01
3.693095699729833647e+00 2.952067856204507734e+01
3.614322718978555837e+00 3.056074449446639818e+01
3.535869996482579936e+00 3.163745379677199665e+01
3.457758587959608221e+00 3.275209747995897658e+01
3.380018617130705838e+00 3.390601203963458232e+01
3.302689192039222732e+00 3.510058105851990717e+01
3.225818215842758629e+00 3.633723686541241449e+01
3.149462086990931553e+00 3.761746225259680187e+01
3.073685285046434235e+00 3.894279225376330089e+01
2.998559840100837537e+00 4.031481598456518611e+01
2.924164685756291959e+00 4.173517854802235405e+01
2.850584897944055562e+00 4.320558300705565102e+01
2.777910824364285602e+00 4.472779242651714782e+01
2.706237111974838072e+00 4.630363198716477768e+01
2.635661642632556756e+00 4.793499117411595734e+01
2.566284389594736925e+00 4.962382604240435313e+01
2.498206210015077477e+00 5.137216156235628262e+01
2.431527590716449527e+00 5.318209404759890191e+01
2.366347366302282040e+00 5.505579366861138624e+01
2.302761430003753329e+00 5.699550705483289192e+01
2.240861458496235858e+00 5.900355998844758432e+01
2.180733672221074837e+00 6.108236019307643971e+01
2.122457652505759462e+00 6.323440022071959277e+01
2.066105235997437894e+00 6.546226044041064540e+01
2.011739505640586678e+00 6.776861213216682245e+01
1.959413895687053264e+00 7.015622068994444760e+01
1.909171426085224166e+00 7.262794893744002422e+01
1.861044079124725581e+00 7.518676056071305425e+01
1.815052328488567346e+00 7.783572366174617230e+01
1.771204827962514772e+00 8.057801443720366308e+01
1.729498264046612110e+00 8.341692098679908440e+01
1.689917373676487200e+00 8.635584725583812826e+01
1.652435125257084580e+00 8.939831711666487024e+01
1.617013058295931449e+00 9.254797859390428982e+01
1.583601774147244345e+00 9.580860823856754394e+01
1.552141567785257248e+00 9.918411565626469439e+01
1.522563188152431524e+00 1.026785481949546437e+02
1.494788712508301032e+00 1.062960957978528000e+02
1.468732518366465456e+00 1.100410960273150920e+02
1.444302335077582766e+00 1.139180392657223706e+02
1.421400355920313663e+00 1.179315740996013631e+02
1.399924390724045731e+00 1.220865128934377708e+02
1.379769038589757413e+00 1.263878375598646215e+02
1.360826860218869339e+00 1.308407055331443871e+02
1.342989529720968411e+00 1.354504559531078485e+02
1.326148946560490538e+00 1.402226160669640933e+02
1.310198289521766091e+00 1.451629078566573696e+02
1.295032996212220233e+00 1.502772548997176330e+02
1.280551653662004963e+00 1.555717894718309253e+02
1.266656787976594645e+00 1.610528598996464495e+02
1.253255543701310648e+00 1.667270381726354742e+02
1.240260246491375895e+00 1.726011278231295023e+02
1.227588845760185787e+00 1.786821720839867282e+02
1.215165237101977214e+00 1.849774623336673471e+02
1.202919467344393034e+00 1.914945468388438030e+02
1.190787827970474888e+00 1.982412398050283286e+02
1.178712845250385666e+00 2.052256307460708342e+02
1.166643177643247320e+00 2.124560941837608539e+02
1.154533432787466118e+00 2.199412996891630598e+02
1.142343917634758954e+00 2.276902222777271163e+02
1.130040335965747822e+00 2.357121531706358724e+02
1.117593447648965510e+00 2.440167109352957198e+02
1.104978703594585721e+00 2.526138530183239084e+02
1.092175869460517257e+00 2.615138876848660630e+02
1.079168649865762220e+00 2.707274863785556818e+02
1.065944323246066139e+00 2.802656965169368277e+02
1.052493395652508212e+00 2.901399547376940404e+02
1.038809279851164336e+00 3.003621006115671435e+02
1.024888004134104635e+00 3.109443908383995563e+02
1.010727953391584055e+00 3.218995139433381496e+02
9.963296432998381968e-01 3.332406054908035458e+02
9.816955270070136796e-01 3.449812638344793072e+02
9.668298324891544393e-01 3.571355664221987922e+02
9.517384278158204092e-01 3.697180866752827910e+02
9.364287109084529215e-01 3.827439114625678371e+02
9.209095199756448524e-01 3.962286591900715962e+02
9.051910606371500467e-01 4.101884985279928060e+02
8.892848457642685833e-01 4.246401677974972699e+02
8.732036442259597520e-01 4.396009950405300515e+02
8.569614349960056332e-01 4.550889187967277962e+02
8.405733634088721207e-01 4.711225096123363301e+02
8.240556967183952919e-01 4.877209923069249840e+02
8.074257764893051359e-01 5.049042690246001825e+02
7.907019657194994666e-01 5.226929430973483477e+02
7.739035889406485902e-01 5.411083437491320183e+02
7.570508638719398720e-01 5.601725516703546646e+02
7.401648235069439030e-01 5.799084254933547982e+02
7.232672278003022814e-01 6.003396292006842714e+02
7.063804643944958661e-01 6.214906604990255801e+02
6.895274380931376568e-01 6.433868801927734467e+02
6.727314490513037759e-01 6.660545425925023437e+02
6.560160599195662412e-01 6.895208269947721647e+02
6.394049524490729164e-01 7.138138702710289181e+02
6.229217743411070707e-01 7.389628006046712017e+02
6.065899774049793303e-01 7.649977724167263204e+02
5.904326483701712869e-01 7.919500025220268071e+02
5.744723339781462323e-01 8.198518075592307923e+02
5.587308622505962052e-01 8.487366427395679693e+02
5.432291620874185600e-01 8.786391419607758735e+02
5.279870835819137076e-01 9.095951593343147579e+02
5.130232216443703086e-01 9.416418121756648816e+02
4.983547456899175554e-01 9.748175255092528459e+02
4.839972382637618420e-01 1.009162078141352140e+03
4.699645455384768855e-01 1.044716650356227092e+03
4.562686426164506703e-01 1.081523873292689586e+03
4.429195164994484957e-01 1.119627880060281086e+03
4.299250694416447138e-01 1.159074358656373306e+03
4.172910451793809816e-01 1.199910606747619340e+03
4.050209802295275940e-01 1.242185588381467142e+03
3.931161820705242893e-01 1.285949992695715764e+03
3.815757355705443610e-01 1.331256294696506529e+03
3.703965385133760613e-01 1.378158818177639432e+03
3.595733665051718542e-01 1.426713800856645776e+03
3.490989669375961224e-01 1.476979461805718529e+03
3.389641810511765940e-01 1.529016071258360853e+03
3.291580925050707207e-01 1.582886022875434037e+03
3.196682002357410513e-01 1.638653908557277873e+03
3.104806127978995134e-01 1.696386595891597381e+03
3.015802608471556678e-01 1.756153308329958918e+03
2.929511239648768250e-01 1.818025708189065654e+03
2.845764676598139253e-01 1.882077982576305658e+03
2.764390861232192131e-01 1.948386932342608816e+03
2.685215461761286115e-01 2.017032064169283331e+03
2.608064278364859434e-01 2.088095685899211276e+03
2.532765570523242693e-01 2.161663005226752375e+03
2.459152263926576987e-01 2.237822231864668993e+03
2.387063998522523933e-01 2.316664683310551027e+03
2.316348983972580655e-01 2.398284894339603852e+03
2.246865634386395194e-01 2.482780730355052583e+03
2.178483960485139981e-01 2.570253504732075271e+03
2.111086704072746012e-01 2.660808100295992062e+03
2.044570206615177188e-01 2.754553095080314961e+03
1.978845010586157138e-01 2.851600892515505166e+03
1.913836198784962805e-01 2.952067856204506370e+03
1.849483482839482662e-01 3.056074449446639846e+03
1.785741057378543994e-01 3.163745379677200162e+03
1.722577240733730863e-01 3.275209747995897487e+03
1.659973926400881428e-01 3.390601203963456555e+03
1.597925871794041164e-01 3.510058105851990604e+03
1.536439852049835686e-01 3.633723686541241477e+03
1.475533706827788782e-01 3.761746225259676976e+03
1.415235307287595057e-01 3.894279225376328668e+03
1.355581468831695557e-01 4.031481598456518441e+03
1.296616832935163222e-01 4.173517854802234979e+03
1.238392738619948363e-01 4.320558300705565671e+03
1.180966101051185435e-01 4.472779242651713503e+03
1.124398311523388400e-01 4.630363198716478109e+03
1.068754169936421416e-01 4.793499117411595762e+03
1.014100857887495211e-01 4.962382604240429828e+03
9.605069578518353468e-02 5.137216156235625931e+03
9.080415216842230297e-02 5.318209404759890276e+03
8.567731899050838595e-02 5.505579366861138624e+03
8.067693619623632351e-02 5.699550705483289676e+03
7.580954168751845301e-02 5.900355998844755050e+03
7.108139833303793453e-02 6.108236019307643801e+03
6.649842583583309708e-02 6.323440022071958992e+03
6.206613740837729071e-02 6.546226044041058231e+03
5.778958126442564069e-02 6.776861213216679062e+03
5.367328701046417128e-02 7.015622068994443907e+03
4.972121709834422670e-02 7.262794893744002366e+03
4.593672357667168832e-02 7.518676056071305538e+03
4.232251044483510000e-02 7.783572366174612398e+03
3.888060196456562950e-02 8.057801443720368297e+03
3.561231731534778011e-02 8.341692098679906849e+03
3.251825198890348489e-02 8.635584725583803447e+03
2.959826630272968662e-02 8.939831711666483898e+03
2.685148137279724095e-02 9.254797859390429949e+03
2.427628282160259818e-02 9.580860823856753996e+03
2.187033241130081906e-02 9.918411565626469383e+03
1.963058768492781381e-02 1.026785481949545829e+04
1.755332957473548783e-02 1.062960957978527949e+04
1.563419779901392345e-02 1.100410960273150886e+04
1.386823372156871861e-02 1.139180392657222728e+04
1.224993019582330464e-02 1.179315740996012937e+04
1.077328776320927127e-02 1.220865128934377753e+04
9.431876428221562872e-03 1.263878375598646198e+04
8.218902095475906847e-03 1.308407055331443917e+04
7.127276632482390344e-03 1.354504559531077757e+04
6.149690420591711823e-03 1.402226160669640740e+04
5.278686180212590826e-03 1.451629078566573662e+04
4.506732808859426759e-03 1.502772548997174636e+04
3.826297954980893180e-03 1.555717894718308162e+04
3.229918068950716689e-03 1.610528598996464461e+04
2.710264726016911943e-03 1.667270381726354753e+04
2.260206104058684259e-03 1.726011278231295000e+04
1.872862619963250753e-03 1.786821720839866248e+04
1.541655879188180873e-03 1.849774623336673540e+04
1.260350269144939767e-03 1.914945468388438167e+04
1.023086722724242739e-03 1.982412398050281263e+04
8.244083868523982041e-04 2.052256307460707467e+04
6.592781449256435470e-04 2.124560941837608698e+04
5.230881533958899607e-04 2.199412996891630610e+04
4.116617537080027086e-04 2.276902222777271163e+04
3.212483036057134302e-04 2.357121531706358655e+04
2.485116296892412669e-04 2.440167109352954867e+04
1.905129303307455412e-04 2.526138530183238981e+04
1.446890504190105565e-04 2.615138876848658401e+04
1.088271044216073405e-04 2.707274863785556590e+04
8.103644129752653083e-05 2.802656965169368414e+04
5.971892513501204767e-05 2.901399547376937335e+04
4.353845209237994620e-05 3.003621006115671116e+04
3.139054192377792958e-05 3.109443908383995586e+04
2.237273697024517048e-05 3.218995139433384611e+04
1.575641972928144822e-05 3.332406054908035730e+04
1.096052911658327417e-05 3.449812638344789593e+04
7.527522360453623559e-06 3.571355664221988263e+04
5.101800664583104135e-06 3.697180866752828297e+04
3.410697982811621359e-06 3.827439114625674847e+04
2.248027925742522089e-06 3.962286591900715575e+04
1.460097050464054727e-06 4.101884985279928515e+04
9.340252281404847628e-07 4.246401677974968334e+04
5.881657225435989562e-07 4.396009950405300333e+04
3.643881115605278902e-07 4.550889187967273028e+04
2.219743283075973661e-07 4.711225096123363619e+04
1.328792776316970886e-07 4.877209923069249635e+04
7.811969231277962969e-08 5.049042690245996346e+04
4.507502061282343849e-08 5.226929430973483977e+04
2.550921707247768770e-08 5.411083437491320365e+04
1.414971403184513420e-08 5.601725516703551693e+04
7.687420576371059402e-09 5.799084254933548073e+04
4.087693855136055374e-09 6.003396292006835574e+04
2.125748719111597797e-09 6.214906604990256164e+04
1.080291224213923829e-09 6.433868801927733875e+04
5.360590680371344252e-10 6.660545425925016752e+04
2.595149747216151050e-10 6.895208269947720692e+04
1.224651221126556468e-10 7.138138702710288635e+04
5.628226582507009413e-11 7.389628006046704832e+04
2.516720806378603871e-11 7.649977724167262204e+04
1.093915341861958258e-11 7.919500025220258976e+04
4.617253530753892126e-12 8.198518075592308014e+04
1.890540162628497170e-12 8.487366427395680512e+04
7.501105749609733222e-13 8.786391419607751595e+04
2.880849016115430382e-13 9.095951593343146669e+04
1.069727627793866152e-13 9.416418121756649634e+04
3.835902423848654105e-14 9.748175255092539010e+04
1.326690005882893862e-14 1.009162078141352249e+05
4.420038570764117685e-15 1.044716650356225873e+05
1.416657956487568422e-15 1.081523873292689532e+05
4.362081540021324481e-16 1.119627880060281313e+05
1.288543223121963271e-16 1.159074358656371915e+05
3.646243247836786679e-17 1.199910606747619313e+05
9.869072634679547301e-18 1.242185588381467096e+05
2.551000704786680812e-18 1.285949992695714463e+05
6.287005299598217014e-19 1.331256294696506520e+05
1.474846277450980098e-19 1.378158818177638168e+05
3.287489241182030862e-20 1.426713800856645976e+05
6.950482414002714432e-21 1.476979461805718602e+05
1.391199506419479169e-21 1.529016071258359007e+05
2.631176991193180738e-22 1.582886022875434137e+05
4.692774694484882838e-23 1.638653908557278046e+05
7.876451385415481576e-24 1.696386595891599136e+05
1.241433246272866660e-24 1.756153308329958818e+05
1.833352247662274931e-25 1.818025708189063589e+05
2.531058696522576002e-26 1.882077982576305512e+05
3.258826014547114754e-27 1.948386932342609216e+05
3.903510567072828943e-28 2.017032064169281221e+05
4.338900936115557727e-29 2.088095685899211385e+05
4.463652030045577221e-30 2.161663005226752430e+05
4.238409126518340131e-31 2.237822231864666392e+05
3.704173940498755961e-32 2.316664683310550463e+05
2.970890382870426578e-33 2.398284894339601742e+05
2.180091574755551889e-34 2.482780730355052510e+05
1.459135082835779698e-35 2.570253504732075380e+05
8.878524480495616773e-37 2.660808100295989425e+05
4.895002254100462626e-38 2.754553095080315252e+05
2.436815839012899715e-39 2.851600892515504966e+05
1.091410121927502362e-40 2.952067856204509153e+05
4.381586627634086089e-42 3.056074449446639628e+05
1.570647421990869183e-43 3.163745379677196615e+05
5.007219391416263507e-45 3.275209747995897196e+05
1.413809233052044846e-46 3.390601203963456792e+05
3.520495023932610554e-48 3.510058105851987493e+05
7.696838766554610684e-50 3.633723686541241477e+05
1.470706563588201221e-51 3.761746225259676576e+05
2.444464735264724767e-53 3.894279225376324030e+05
3.516836146281936496e-55 4.031481598456518259e+05
4.357350009045064148e-57 4.173517854802230722e+05
4.624962748662177028e-59 4.320558300705565489e+05
4.182562913334637933e-61 4.472779242651712848e+05
3.204606811006471511e-63 4.630363198716473416e+05
2.068084544950072841e-65 4.793499117411595653e+05
1.117369888217435755e-67 4.962382604240430519e+05
5.022756442052575527e-70 5.137216156235631206e+05
1.866333787674848796e-72 5.318209404759890167e+05
5.694098362184517120e-75 5.505579366861133603e+05
1.416552947111371679e-77 5.699550705483289203e+05
2.852924932652463907e-80 5.900355998844755813e+05
4.617054872204174330e-83 6.108236019307636889e+05
5.958136827505748235e-86 6.323440022071958520e+05
6.082223005312979914e-89 6.546226044041058049e+05
4.871181021422184402e-92 6.776861213216672186e+05
3.034684444138631320e-95 7.015622068994444562e+05
1.457661287080166575e-98 7.262794893743995344e+05
5.349147464254029688e-102 7.518676056071305647e+05
1.485519178662288671e-105 7.783572366174613126e+05
3.091529859205790023e-109 8.057801443720359821e+05
4.772606502390813457e-113 8.341692098679906921e+05
5.408225521538261869e-117 8.635584725583804538e+05
4.449794042230165828e-121 8.939831711666492047e+05
2.628531994758164972e-125 9.254797859390429221e+05
1.101804644487330279e-129 9.580860823856744682e+05
3.237911707496335877e-134 9.918411565626469674e+05
6.588107062281625066e-139 1.026785481949546025e+06
9.161493211889491481e-144 1.062960957978527062e+06
8.591290191350342016e-149 1.100410960273151053e+06
5.358070077757126567e-154 1.139180392657222692e+06
2.190661294006792544e-159 1.179315740996011766e+06
5.784928704491432467e-165 1.220865128934377804e+06
9.716014934393327948e-171 1.263878375598645071e+06
1.021460389792577947e-176 1.308407055331443902e+06
6.611955711727450186e-183 1.354504559531077743e+06
2.590554299024920677e-189 1.402226160669639474e+06
6.035700570124187502e-196 1.451629078566573793e+06
8.210736321573037804e-203 1.502772548997174716e+06
6.399160096148144467e-210 1.555717894718309864e+06
2.801736273197609937e-217 1.610528598996464396e+06
6.752609123474021899e-225 1.667270381726352964e+06
8.772469427455631682e-233 1.726011278231295059e+06
6.010657868407030660e-241 1.786821720839866204e+06
2.123649761710295767e-249 1.849774623336671852e+06
3.779814409528492405e-258 1.914945468388438225e+06
3.308214609673506719e-267 1.982412398050281219e+06
1.388646769901072812e-276 2.052256307460705284e+06
2.724090125587814369e-286 2.124560941837608349e+06
2.431326366272474274e-296 2.199412996891628020e+06
9.603014976327137275e-307 2.276902222777271178e+06
