1.381275134559550410e-04 5.675941092183100167e+00
1.648275049793111464e-04 5.875914576938968459e+00
1.963987322095884515e-04 6.082933482701843531e+00
2.336634483434597723e-04 6.297246032165977780e+00
2.775681908186635057e-04 6.519109193351983578e+00
3.291995686337718138e-04 6.748788987720179655e+00
3.898014689147536013e-04 6.986560809139368722e+00
4.607936991750520334e-04 7.232709754093447962e+00
5.437920577186793102e-04 7.487530963521736638e+00
6.406297961545834307e-04 7.751329976703003943e+00
7.533804046851841265e-04 8.024423097607423117e+00
8.843816127627626787e-04 8.307137774155764376e+00
1.036260455088055567e-03 8.599812990840597138e+00
1.211959205524603062e-03 8.902799675180149919e+00
1.414761930529772433e-03 9.216461118492341953e+00
1.648321358903025689e-03 9.541173411493431900e+00
1.916685707450358498e-03 9.877325895243490805e+00
2.224325043233485889e-03 1.022532162797959288e+01
2.576156703603869197e-03 1.058557786839630666e+01
2.977569236646881133e-03 1.095852657595302304e+01
3.434444268387946454e-03 1.134461492880804734e+01
3.953175650760365478e-03 1.174430586000032584e+01
4.540685197690586157e-03 1.215807861252190847e+01
5.204434277458821513e-03 1.258642931394658859e+01
5.952430499722543601e-03 1.302987157130363549e+01
6.793228716819220414e-03 1.348893708691011106e+01
7.735925553609024341e-03 1.396417629589996068e+01
8.790146689387186643e-03 1.445615902621442750e+01
9.966026141547618469e-03 1.496547518184514303e+01
1.127417684532303413e-02 1.549273545014894360e+01
1.272565188844352983e-02 1.603857203408278664e+01
1.433189584578771145e-02 1.660363941023660672e+01
1.610468576797305720e-02 1.718861511357284755e+01
1.805606151058963826e-02 1.779420054981395793e+01
2.019824524792638784e-02 1.842112183645163270e+01
2.254355019685324799e-02 1.907013067338631629e+01
2.510427878261144857e-02 1.974200524424097480e+01
2.789261070741223467e-02 2.043755114942954165e+01
3.092048163303756300e-02 2.115760237209923389e+01
3.419945345696940447e-02 2.190302227810470370e+01
3.774057744366117462e-02 2.267470465121287049e+01
4.155425176292430745e-02 2.347357476478008209e+01
4.565007527913720470e-02 2.430059049118625936e+01
5.003669971983295411e-02 2.515674345035634829e+01
5.472168262077591050e-02 2.604306019874638878e+01
5.971134368629009426e-02 2.696060346021936382e+01
6.501062740713146881e-02 2.791047340028728740e+01
7.062297493185436259e-02 2.889380894524705212e+01
7.655020827996650290e-02 2.991178914779157694e+01
8.279243000528510588e-02 3.096563460073407015e+01
8.934794135649636038e-02 3.205660890054026879e+01
9.621318183147965775e-02 3.318602016242339658e+01
1.033826927779143146e-01 3.435522258881888291e+01
1.108491073535548960e-01 3.556561809311880751e+01
1.186031687277398494e-01 3.681865798061375727e+01
1.266337778874243036e-01 3.811584468865725484e+01
1.349280718165951909e-01 3.945873358813886256e+01
1.434715321614939976e-01 4.084893484842689304e+01
1.522481237928856035e-01 4.228811536801601534e+01
1.612404619507800396e-01 4.377800077319514571e+01
1.704300059281441404e-01 4.532037748713206327e+01
1.797972765407218898e-01 4.691709487185520544e+01
1.893220939622590193e-01 4.857006744570157508e+01
1.989838318992683264e-01 5.028127717888939685e+01
2.087616835559958917e-01 5.205277586996739814e+01
2.186349344151318486e-01 5.388668760599106378e+01
2.285832365467563021e-01 5.578521130937505745e+01
2.385868789679315149e-01 5.775062337447582195e+01
2.486270485161179988e-01 5.978528039706583996e+01
2.586860757763119745e-01 6.189162199997166169e+01
2.687476608168261061e-01 6.407217375826461137e+01
2.787970738415408989e-01 6.632955022751113461e+01
2.888213263538786935e-01 6.866645807871348950e+01
2.988093090431124810e-01 7.108569934370018473e+01
3.087518933365500651e-01 7.359017477485726033e+01
3.186419943972231272e-01 7.618288732322891121e+01
3.284745942667736118e-01 7.886694573915762874e+01
3.382467248335679355e-01 8.164556829978137387e+01
3.479574113182076212e-01 8.452208666785705304e+01
3.576075779802732613e-01 8.749994988653743633e+01
3.671999187261388298e-01 9.058272851489078903e+01
3.767387362016038077e-01 9.377411890912236458e+01
3.862297537491337085e-01 9.707794765463098940e+01
3.956799052646663983e-01 1.004981761542148888e+02
4.050971084752975071e-01 1.040389053779281028e+02
4.144900274555577968e-01 1.077043807802826052e+02
4.238678302940231402e-01 1.114989973906924376e+02
4.332399477107236607e-01 1.154273050832632919e+02
4.426158381163464162e-01 1.194940140322458433e+02
4.520047641134232741e-01 1.237040003596944899e+02
4.614155847931356580e-01 1.280623119821032390e+02
4.708565674118234679e-01 1.325741746630289981e+02
4.803352211767336066e-01 1.372449982789594571e+02
4.898581549718452055e-01 1.420803833059383976e+02
4.994309599530709631e-01 1.470861275347266428e+02
5.090581170772141562e-01 1.522682330225501062e+02
5.187429288361857793e-01 1.576329132897701299e+02
5.284874737769622577e-01 1.631866007701048886e+02
5.382925818211398150e-01 1.689359545233360507e+02
5.481578279707887136e-01 1.748878682197476451e+02
5.580815417064047823e-01 1.810494784058703601e+02
5.680608292472579812e-01 1.874281730614431467e+02
5.780916058464586893e-01 1.940316004578515390e+02
5.881686354186723698e-01 2.008676783286650789e+02
5.982855750289741703e-01 2.079446033632683566e+02
6.084350220850855973e-01 2.152708610349693856e+02
6.186085624483916856e-01 2.228552357753704882e+02
6.287968180877407942e-01 2.307068215072002033e+02
6.389894933207957983e-01 2.388350325482348637e+02
6.491754190993913598e-01 2.472496148993849943e+02
6.593425951794228412e-01 2.559606579304814318e+02
6.694782303571120696e-01 2.649786064777725301e+02
6.795687812407046335e-01 2.743142733676368152e+02
6.895999902522891301e-01 2.839788523815288386e+02
6.995569237148629993e-01 2.939839316777030831e+02
7.094240109750286072e-01 3.043415076858094039e+02
7.191850855448885804e-01 3.150639994910190467e+02
7.288234292237111278e-01 3.261642637249290146e+02
7.383218200884037463e-01 3.376556099810999854e+02
7.476625851309494086e-01 3.495518167737108683e+02
7.568276581802160230e-01 3.618671480584648634e+02
7.657986435845799411e-01 3.746163703355562689e+02
7.745568859593777722e-01 3.878147703552050416e+02
7.830835461271096198e-01 4.014781734469903540e+02
7.913596832048559460e-01 4.156229624949570507e+02
7.993663426272938910e-01 4.302660975812492552e+02
8.070846497382722085e-01 4.454251363218249935e+02
8.144959084408859296e-01 4.611182549186340225e+02
8.215817042661002212e-01 4.773642699535006386e+02
8.283240111030006902e-01 4.941826609498431253e+02
8.347053007289206850e-01 5.115935937292839526e+02
8.407086541841287675e-01 5.296179445911553785e+02
8.463178739524298555e-01 5.482773253438894017e+02
8.515175958353461416e-01 5.675941092183101091e+02
8.562933993431036672e-01 5.875914576938962455e+02
8.606319153707165936e-01 6.082933482701838557e+02
8.645209298826189714e-01 6.297246032165977567e+02
8.679494822957012357e-01 6.519109193351984004e+02
8.709079572297417915e-01 6.748788987720180330e+02
8.733881682879477415e-01 6.986560809139368757e+02
8.753834325405565053e-01 7.232709754093448282e+02
8.768886344133305366e-01 7.487530963521737704e+02
8.779002777322185702e-01 7.751329976702995737e+02
8.784165247472787152e-01 8.024423097607415230e+02
8.784372210545615678e-01 8.307137774155763736e+02
8.779639054550555377e-01 8.599812990840597422e+02
8.769998039353789077e-01 8.902799675180150416e+02
8.755498071255036763e-01 9.216461118492342166e+02
8.736204307834533056e-01 9.541173411493430194e+02
8.712197590739970687e-01 9.877325895243490095e+02
8.683573706454720265e-01 1.022532162797958222e+03
8.650442477628629279e-01 1.058557786839629671e+03
8.612926690223728921e-01 1.095852657595302389e+03
8.571160864484981268e-01 1.134461492880804599e+03
8.525289880541642162e-01 1.174430586000032690e+03
8.475467472224270660e-01 1.215807861252190833e+03
8.421854605389789139e-01 1.258642931394658717e+03
8.364617759624290994e-01 1.302987157130363812e+03
8.303927134582287373e-01 1.348893708691009806e+03
8.239954804365025032e-01 1.396417629589994704e+03
8.172872845184591117e-01 1.445615902621442956e+03
8.102851463054017156e-01 1.496547518184514274e+03
8.030057149340482647e-01 1.549273545014894353e+03
7.954650892678918339e-01 1.603857203408278792e+03
7.876786475933525988e-01 1.660363941023660800e+03
7.796608886589105891e-01 1.718861511357284826e+03
7.714252868135315078e-01 1.779420054981393832e+03
7.629841638665743053e-01 1.842112183645161167e+03
7.543485801050801021e-01 1.907013067338631799e+03
7.455282466667690899e-01 1.974200524424097466e+03
7.365314611802307176e-01 2.043755114942954151e+03
7.273650682504868570e-01 2.115760237209923616e+03
7.180344459923484468e-01 2.190302227810470413e+03
7.085435194006074466e-01 2.267470465121286907e+03
6.988948009010568230e-01 2.347357476478005992e+03
6.890894579565459699e-01 2.430059049118623534e+03
6.791274071155904979e-01 2.515674345035635270e+03
6.690074333962776620e-01 2.604306019874638878e+03
6.587273334049414952e-01 2.696060346021936311e+03
6.482840801076334980e-01 2.791047340028728286e+03
6.376740067135991952e-01 2.889380894524705127e+03
6.268930067050190180e-01 2.991178914779157367e+03
6.159367466673032476e-01 3.096563460073404258e+03
6.048008882503527195e-01 3.205660890054023184e+03
5.934813153336767622e-01 3.318602016242339687e+03
5.819743622865648502e-01 3.435522258881887410e+03
5.702770391166368524e-01 3.556561809311880097e+03
5.583872492922354880e-01 3.681865798061375699e+03
5.463039961102824638e-01 3.811584468865724830e+03
5.340275736628621317e-01 3.945873358813886625e+03
5.215597387314698796e-01 4.084893484842684757e+03
5.089038603031473817e-01 4.228811536801596958e+03
4.960650438500132098e-01 4.377800077319514457e+03
4.830502280322973574e-01 4.532037748713206383e+03
4.698682520614274605e-01 4.691709487185520629e+03
4.565298925779298633e-01 4.857006744570157025e+03
4.430478695409668655e-01 5.028127717888940424e+03
4.294368212729921530e-01 5.205277586996740865e+03
4.157132494344840667e-01 5.388668760599101006e+03
4.018954353006602975e-01 5.578521130937500857e+03
3.880033292562941050e-01 5.775062337447582649e+03
3.740584159001242859e-01 5.978528039706584423e+03
3.600835575436858171e-01 6.189162199997165771e+03
3.461028191908519513e-01 6.407217375826458920e+03
3.321412782881709713e-01 6.632955022751112665e+03
3.182248226405551828e-01 6.866645807871348552e+03
3.043799398945908896e-01 7.108569934370011651e+03
2.906335019093118643e-01 7.359017477485723248e+03
2.770125471718904442e-01 7.618288732322890610e+03
2.635440641865079425e-01 7.886694573915762703e+03
2.502547784841112066e-01 8.164556829978137102e+03
2.371709455855142701e-01 8.452208666785700188e+03
2.243181519175432570e-01 8.749994988653743349e+03
2.117211253482665090e-01 9.058272851489080495e+03
1.994035566880066612e-01 9.377411890912228046e+03
1.873879332109603113e-01 9.707794765463093427e+03
1.756953849981760241e-01 1.004981761542148888e+04
1.643455446935677688e-01 1.040389053779281130e+04
1.533564211044109726e-01 1.077043807802826086e+04
1.427442869667350789e-01 1.114989973906923842e+04
1.325235811313376089e-01 1.154273050832632907e+04
1.227068254019904048e-01 1.194940140322458683e+04
1.133045562654890898e-01 1.237040003596943643e+04
1.043252717833541149e-01 1.280623119821031651e+04
9.577539395577409909e-02 1.325741746630289890e+04
8.765924690777142370e-02 1.372449982789594469e+04
7.997905127373487744e-02 1.420803833059384124e+04
7.273493515829644596e-02 1.470861275347265473e+04
6.592496201944567091e-02 1.522682330225501028e+04
5.954517574617528008e-02 1.576329132897701129e+04
5.358966308270018269e-02 1.631866007701047238e+04
4.805063338216016000e-02 1.689359545233359677e+04
4.291851545547586272e-02 1.748878682197476155e+04
3.818207101962364791e-02 1.810494784058703590e+04
3.382852395102389775e-02 1.874281730614431217e+04
2.984370422375686935e-02 1.940316004578514185e+04
2.621220507109918441e-02 2.008676783286650971e+04
2.291755156640215563e-02 2.079446033632683248e+04
1.994237849076464786e-02 2.152708610349691662e+04
1.726861505589897747e-02 2.228552357753704200e+04
1.487767379627669487e-02 2.307068215072002567e+04
1.275064074918767082e-02 2.388350325482348853e+04
1.086846391697762586e-02 2.472496148993849783e+04
9.212136962102662405e-03 2.559606579304813204e+04
7.762875129294794299e-03 2.649786064777725187e+04
6.502280523034135139e-03 2.743142733676368152e+04
5.412494091784107557e-03 2.839788523815285589e+04
4.476331978222051165e-03 2.939839316777029308e+04
3.677404278249149418e-03 3.043415076858094108e+04
3.000214698531010991e-03 3.150639994910190217e+04
2.430240097176438081e-03 3.261642637249290419e+04
1.953989416841531504e-03 3.376556099810997694e+04
1.559042054254649234e-03 3.495518167737108888e+04
1.234066234294517190e-03 3.618671480584648816e+04
9.688184499311830022e-04 3.746163703355558391e+04
7.541254724432941425e-04 3.878147703552048188e+04
5.818508125315883118e-04 4.014781734469903313e+04
4.448478086645234241e-04 4.156229624949570280e+04
3.369017246183054278e-04 4.302660975812491961e+04
2.526633486489290393e-04 4.454251363218247570e+04
1.875766018061364806e-04 4.611182549186340475e+04
1.378025870886002481e-04 4.773642699535006977e+04
1.001423533927032209e-04 4.941826609498426114e+04
7.196042125601604083e-05 5.115935937292838207e+04
5.111083686729563937e-05 5.296179445911553194e+04
3.586720415538359176e-05 5.482773253438893880e+04
2.485781007768893876e-05 5.675941092183100409e+04
1.700662307811268080e-05 5.875914576938962273e+04
1.148062504056361151e-05 6.082933482701831963e+04
7.643646382304244787e-06 6.297246032165977522e+04
5.016622496601560933e-06 6.519109193351977592e+04
3.243984313955508582e-06 6.748788987720180012e+04
2.065739449371519060e-06 6.986560809139368939e+04
1.294693000730233547e-06 7.232709754093441006e+04
7.981954018828660213e-07 7.487530963521737431e+04
4.837833768243884469e-07 7.751329976702995191e+04
2.880920143052818256e-07 8.024423097607423551e+04
1.684535357768008016e-07 8.307137774155764782e+04
9.665364533999401806e-08 8.599812990840588463e+04
5.438213586684689105e-08 8.902799675180150371e+04
2.998435594784537566e-08 9.216461118492342939e+04
1.618913359492867459e-08 9.541173411493421008e+04
8.553068696868180996e-09 9.877325895243490231e+04
4.418323699357690988e-09 1.022532162797958299e+05
2.229904979037873740e-09 1.058557786839628679e+05
1.098632297573487665e-09 1.095852657595302298e+05
5.279428610630501928e-10 1.134461492880803562e+05
2.472341303541102057e-10 1.174430586000032636e+05
1.127254076339614961e-10 1.215807861252190778e+05
4.999402667130815609e-11 1.258642931394657498e+05
2.154636191015373186e-11 1.302987157130363776e+05
9.014694488740477687e-12 1.348893708691009670e+05
3.657594564779213557e-12 1.396417629589996068e+05
1.437599369307373818e-12 1.445615902621442801e+05
5.467536187402017029e-13 1.496547518184512737e+05
2.009803189949907380e-13 1.549273545014894335e+05
7.131852012332867814e-14 1.603857203408278874e+05
2.440048925113231275e-14 1.660363941023659136e+05
8.038659832190298713e-15 1.718861511357284908e+05
2.546709928033219814e-15 1.779420054981393914e+05
7.747961642382668262e-16 1.842112183645159530e+05
2.260413758330376285e-16 1.907013067338631663e+05
6.314506851962308368e-17 1.974200524424095347e+05
1.686467084499488994e-17 2.043755114942954096e+05
4.299478221298215353e-18 2.115760237209923798e+05
1.044579239124274886e-18 2.190302227810468175e+05
2.414448818147458291e-19 2.267470465121286979e+05
5.300085315907149629e-20 2.347357476478005701e+05
1.102925949495211704e-20 2.430059049118626281e+05
2.171656146047320964e-21 2.515674345035635342e+05
4.038041291371449726e-22 2.604306019874636258e+05
7.076351525142307549e-23 2.696060346021936275e+05
1.166272641983309576e-23 2.791047340028728358e+05
1.803864737998033536e-24 2.889380894524701871e+05
2.612456748383220297e-25 2.991178914779157494e+05
3.534510962783715793e-26 3.096563460073404131e+05
4.456593438443112083e-27 3.205660890054019983e+05
5.223863698217143185e-28 3.318602016242339741e+05
5.677792014844599955e-29 3.435522258881884627e+05
5.707031920357761156e-30 3.556561809311880497e+05
5.290393102452617043e-31 3.681865798061375972e+05
4.509972525881666823e-32 3.811584468865720555e+05
3.525218300957175033e-33 3.945873358813886298e+05
2.518819152777718385e-34 4.084893484842684702e+05
1.639958012962013737e-35 4.228811536801601760e+05
9.697744808056913144e-37 4.377800077319514239e+05
5.190849609232701557e-38 4.532037748713201727e+05
2.506174595743698439e-39 4.691709487185520120e+05
1.087454716202889049e-40 4.857006744570157607e+05
4.224781142096714225e-42 5.028127717888935003e+05
1.463858376775130103e-43 5.205277586996741011e+05
4.505518368728952413e-45 5.388668760599101661e+05
1.226672638656296433e-46 5.578521130937495036e+05
2.941536867113369280e-48 5.775062337447581813e+05
6.184989936243348162e-50 5.978528039706578711e+05
1.135041447163126081e-51 6.189162199997166172e+05
1.809299862356806853e-53 6.407217375826458447e+05
2.492758588969057402e-55 6.632955022751105716e+05
2.953177393849988589e-57 6.866645807871348225e+05
2.992462276187147653e-59 7.108569934370011324e+05
2.579327460331920779e-61 7.359017477485729614e+05
1.880388106846199180e-63 7.618288732322889846e+05
1.152627772996830715e-65 7.886694573915754445e+05
5.904434398226390866e-68 8.164556829978136811e+05
2.511705757050212493e-70 8.452208666785700480e+05
8.814898118520351016e-73 8.749994988653735491e+05
2.535015270042529020e-75 9.058272851489080349e+05
5.932142564310445485e-78 9.377411890912228264e+05
1.121388029177866643e-80 9.707794765463083750e+05
1.699605281571039131e-83 1.004981761542148888e+06
2.049309167729525225e-86 1.040389053779279930e+06
1.949999407369761651e-89 1.077043807802826166e+06
1.452131989765039574e-92 1.114989973906923784e+06
8.390188363712842635e-96 1.154273050832631765e+06
3.727765469625847221e-99 1.194940140322458465e+06
1.261877375507586387e-102 1.237040003596943570e+06
3.223415308749725119e-106 1.280623119821032975e+06
6.152309026972160773e-110 1.325741746630289825e+06
8.684068606293291663e-114 1.372449982789593283e+06
8.969224989941444576e-118 1.420803833059384022e+06
6.704306300564346271e-122 1.470861275347265648e+06
3.585686691489031222e-126 1.522682330225499347e+06
1.356089589346672188e-130 1.576329132897701114e+06
3.582609779329987970e-135 1.631866007701047231e+06
6.528545432621287740e-140 1.689359545233358163e+06
8.099467588633920844e-145 1.748878682197476504e+06
6.748958198827793101e-150 1.810494784058701713e+06
3.724492234297950955e-155 1.874281730614431435e+06
1.341660866514740590e-160 1.940316004578514490e+06
3.107684530239003507e-166 2.008676783286649035e+06
4.557144402811302171e-172 2.079446033632683568e+06
4.163087016326435107e-178 2.152708610349691939e+06
2.330041853191772974e-184 2.228552357753706630e+06
7.853098932066613642e-191 2.307068215072002262e+06
1.565622282623150252e-197 2.388350325482346117e+06
1.812456305500598638e-204 2.472496148993849754e+06
1.195269179975526323e-211 2.559606579304813407e+06
4.402217505180963020e-219 2.649786064777722582e+06
8.870977934868506468e-227 2.743142733676368371e+06
9.574989880968574130e-235 2.839788523815285414e+06
5.415261920338756014e-243 2.939839316777026746e+06
1.568649350552336973e-251 3.043415076858093962e+06
2.273108053692399455e-260 3.150639994910187554e+06
1.608066256981715959e-269 3.261642637249290012e+06
5.415092869763638301e-279 3.376556099810997956e+06
8.456057064545409986e-289 3.495518167737104930e+06
5.959799843909248576e-299 3.618671480584649369e+06
1.843421724687841938e-309 3.746163703355558682e+06
2.804316605794915385e-320 3.878147703552052379e+06
0.000000000000000000e+00 4.014781734469903167e+06
0.000000000000000000e+00 4.156229624949565623e+06
0.000000000000000000e+00 4.302660975812491961e+06
0.000000000000000000e+00 4.454251363218246959e+06
0.000000000000000000e+00 4.611182549186335877e+06
0.000000000000000000e+00 4.773642699535006657e+06
0.000000000000000000e+00 4.941826609498426318e+06
0.000000000000000000e+00 5.115935937292831950e+06
0.000000000000000000e+00 5.296179445911553688e+06
0.000000000000000000e+00 5.482773253438888118e+06
0.000000000000000000e+00 5.675941092183100060e+06
