1.141343560425307761e-06 4.087735016496044871e+00
1.304681713258529094e-06 4.231753180661468328e+00
1.491029942563244702e-06 4.380845360516723908e+00
1.703562412820021600e-06 4.535190322645661354e+00
1.945879232395305960e-06 4.694973131896368557e+00
2.222061604921344764e-06 4.860385373280180055e+00
2.536733791929189709e-06 5.031625381688622944e+00
2.895132693072417439e-06 5.208898479703695017e+00
3.303185918743442025e-06 5.392417223786581282e+00
3.767599326540815321e-06 5.582401659140087347e+00
4.295955113063507297e-06 5.779079583550295496e+00
4.896821635495601610e-06 5.982686820523840154e+00
5.579876291570678502e-06 6.193467502048321194e+00
6.356042892781285356e-06 6.411674361314799953e+00
7.237645146215445407e-06 6.637569035753499769e+00
8.238577988879279887e-06 6.871422380745976888e+00
9.374498706825925686e-06 7.113514794389883100e+00
1.066303996894437265e-05 7.364136553705822763e+00
1.212404708908775380e-05 7.623588162689349801e+00
1.377984207457232124e-05 7.892180712625446404e+00
1.565551724425755196e-05 8.170236255097565348e+00
1.777926144837039320e-05 8.458088188138360053e+00
2.018272223195157944e-05 8.756081655985271439e+00
2.290140753766673303e-05 9.064573962920196237e+00
2.597513088700814893e-05 9.383935001689408750e+00
2.944850430815319707e-05 9.714547697017547279e+00
3.337148362823805274e-05 1.005680846474734480e+01
3.779997113049623835e-05 1.041112768715566972e+01
4.279648097050467697e-05 1.077793020501585097e+01
4.843087314776381029e-05 1.115765582699611080e+01
5.478116227982803992e-05 1.155075985700512753e+01
6.193440783726177198e-05 1.195771364011690707e+01
6.998769298082297243e-05 1.237900512772944417e+01
7.904919958717412096e-05 1.281513946263507542e+01
8.923938750502770356e-05 1.326663958470380322e+01
1.006922865650109963e-04 1.373404685790594293e+01
1.135569102902316018e-04 1.421792171942595395e+01
1.279988007141590566e-04 1.471884435164555427e+01
1.442017140812360335e-04 1.523741537780213484e+01
1.623694576041717218e-04 1.577425658215645221e+01
1.827278877441015784e-04 1.633001165553297085e+01
2.055270807464012908e-04 1.690534696712706264e+01
2.310436863223369922e-04 1.750095236350427896e+01
2.595834754451855795e-04 1.811754199574977520e+01
2.914840931989926887e-04 1.875585517575978400e+01
3.271180274258489126e-04 1.941665726270154124e+01
3.668958035941107996e-04 2.010074058070497571e+01
4.112694157962940109e-04 2.080892536888627831e+01
4.607360030677416459e-04 2.154206076484235055e+01
5.158417792874631829e-04 2.230102582279563350e+01
5.771862237080536409e-04 2.308673056760999032e+01
6.454265377360315350e-04 2.390011708594133921e+01
7.212823717820678699e-04 2.474216065583165047e+01
8.055408239703679444e-04 2.561387091610025024e+01
8.990617100671024911e-04 2.651629307693513482e+01
1.002783101246838100e-03 2.745050917313551508e+01
1.117727123238231686e-03 2.841763936150811531e+01
1.245006006924621357e-03 2.941884326397331506e+01
1.385828376687899812e-03 3.045532135799114570e+01
1.541505758687435014e-03 3.152831641597450485e+01
1.713459286797662084e-03 3.263911499541555372e+01
1.903226579293926246e-03 3.378904898151165526e+01
2.112468754422366316e-03 3.497949718414099607e+01
2.342977547940208391e-03 3.621188699110255271e+01
2.596682490551715464e-03 3.748769607960231554e+01
2.875658098022886803e-03 3.880845418803850322e+01
3.182131021672156626e-03 4.017574495020981828e+01
3.518487102110854758e-03 4.159120779414607938e+01
3.887278264559533656e-03 4.305653990783822849e+01
4.291229189983471366e-03 4.457349827422410726e+01
4.733243692806235817e-03 4.614390177787071678e+01
5.216410733118084786e-03 4.776963338587865593e+01
5.744009989368794797e-03 4.945264240562347879e+01
6.319516916473776058e-03 5.119494682204135216e+01
6.946607214304395886e-03 5.299863571726157829e+01
7.629160632669187286e-03 5.486587177548695848e+01
8.371264041262642397e-03 5.679889387612556106e+01
9.177213696638377230e-03 5.880001977828303694e+01
1.005151664305680738e-02 6.087164889983448290e+01
1.099889119013927434e-02 6.301626519440802099e+01
1.202426641741172197e-02 6.523644012972941653e+01
1.313278066408732694e-02 6.753483577089910739e+01
1.432977897164395067e-02 6.991420797229864093e+01
1.562080945673240823e-02 7.237740968195369362e+01
1.701161860259857439e-02 7.492739436231558159e+01
1.850814546827399959e-02 7.756721953156277038e+01
2.011651482613875316e-02 8.030005042966918438e+01
2.184302924988095959e-02 8.312916381363427831e+01
2.369416018617665279e-02 8.605795188642592564e+01
2.567653805444511730e-02 8.908992636434678047e+01
2.779694142958752390e-02 9.222872268770143478e+01
3.006228537259135469e-02 9.547810437981272003e+01
3.247960898306174321e-02 9.884196755961397685e+01
3.505606225606357901e-02 1.023243456132276492e+02
3.779889233285983752e-02 1.059294140301323210e+02
4.071542924111915679e-02 1.096614954097163377e+02
4.381307122465871728e-02 1.135250646442212172e+02
4.709926976552900740e-02 1.175247542842890454e+02
5.058151440191471782e-02 1.216653600935482018e+02
5.426731744348692321e-02 1.259518467988966819e+02
5.816419868105358881e-02 1.303893540433781482e+02
6.227967017907071190e-02 1.349832025487882277e+02
6.662122122723833362e-02 1.397389004954005998e+02
7.119630351040789895e-02 1.446621501264622793e+02
7.601231653386952836e-02 1.497588545853767243e+02
8.107659331321699636e-02 1.550351249937727971e+02
8.639638630415906462e-02 1.604972877789473955e+02
9.197885350762326218e-02 1.661518922594664787e+02
9.783104463942518536e-02 1.720057184980202862e+02
1.039598872020729148e-01 1.780657854309482673e+02
1.103721722396553973e-01 1.843393592841823647e+02
1.170745394963786656e-01 1.908339622856985329e+02
1.240734616366863247e-01 1.975573816849233140e+02
1.313752271219302548e-01 2.045176790899099899e+02
1.389859212774449959e-01 2.117232001334803613e+02
1.469114050272568306e-01 2.191825844799219851e+02
1.551572907241467458e-01 2.269047761842388411e+02
1.637289144634068438e-01 2.348990344163763666e+02
1.726313042421653565e-01 2.431749445632809170e+02
1.818691433154145942e-01 2.517424297221041627e+02
1.914467281074545280e-01 2.606117625983330868e+02
2.013679200654719670e-01 2.697935778231124573e+02
2.116360908921589012e-01 2.792988847045285752e+02
2.222540606677580466e-01 2.891390804281436431e+02
2.332240284690647314e-01 2.993259637226078667e+02
2.445474952134941982e-01 3.098717490067352287e+02
2.562251785991877528e-01 3.207890810350065181e+02
2.682569201754025356e-01 3.320910500590592846e+02
2.806415847585491674e-01 3.437912075233438145e+02
2.933769526048961573e-01 3.559035823137644456e+02
3.064596049573811709e-01 3.684426975787900460e+02
3.198848037968988200e-01 3.814235881432027782e+02
3.336463668434841434e-01 3.948618185353624881e+02
3.477365390654656441e-01 4.087735016496044409e+02
3.621458621605192496e-01 4.231753180661463603e+02
3.768630436675670659e-01 4.380845360516719893e+02
3.918748275488788124e-01 4.535190322645661922e+02
4.071658682443747290e-01 4.694973131896368841e+02
4.227186103422477248e-01 4.860385373280180943e+02
4.385131761294381314e-01 5.031625381688623406e+02
4.545272633803961182e-01 5.208898479703694875e+02
4.707360558113931615e-01 5.392417223786582099e+02
4.871121486691269986e-01 5.582401659140081165e+02
5.036254919349449910e-01 5.779079583550288817e+02
5.202433536081931820e-01 5.982686820523840652e+02
5.369303054819172250e-01 6.193467502048321194e+02
5.536482337389888597e-01 6.411674361314800308e+02
5.703563765737243996e-01 6.637569035753499520e+02
5.870113908797807145e-01 6.871422380745976852e+02
6.035674498357234130e-01 7.113514794389883491e+02
6.199763729612252083e-01 7.364136553705815231e+02
6.361877899054800833e-01 7.623588162689342198e+02
6.521493388618014864e-01 7.892180712625446404e+02
6.678069000760933349e-01 8.170236255097564708e+02
6.831048644308854723e-01 8.458088188138360692e+02
6.979864365418240180e-01 8.756081655985270800e+02
7.123939712030779026e-01 9.064573962920196664e+02
7.262693413680130217e-01 9.383935001689410456e+02
7.395543351607676286e-01 9.714547697017538894e+02
7.521910786952216155e-01 1.005680846474733585e+03
7.641224807459743307e-01 1.041112768715567199e+03
7.752926945899994982e-01 1.077793020501585261e+03
7.856475916392930969e-01 1.115765582699611059e+03
7.951352408379451786e-01 1.155075985700512774e+03
8.037063872272540710e-01 1.195771364011690821e+03
8.113149226159703797e-01 1.237900512772944467e+03
8.179183409554501294e-01 1.281513946263506114e+03
8.234781708357332697e-01 1.326663958470378930e+03
8.279603775099477758e-01 1.373404685790594385e+03
8.313357270383352482e-01 1.421792171942595360e+03
8.335801055315931185e-01 1.471884435164555271e+03
8.346747870715969242e-01 1.523741537780213321e+03
8.346066446936392103e-01 1.577425658215645171e+03
8.333682998176364931e-01 1.633001165553297369e+03
8.309582066970280234e-01 1.690534696712704545e+03
8.273806697853557379e-01 1.750095236350426148e+03
8.226457933654355292e-01 1.811754199574977747e+03
8.167693643010816018e-01 1.875585517575978429e+03
8.097726703069439980e-01 1.941665726270154209e+03
8.016822576347029106e-01 2.010074058070497131e+03
7.925296334884253113e-01 2.080892536888628001e+03
7.823509197540500226e-01 2.154206076484234927e+03
7.711864657069983364e-01 2.230102582279561375e+03
7.590804282036011097e-01 2.308673056760996587e+03
7.460803284309589500e-01 2.390011708594133779e+03
7.322365945617229643e-01 2.474216065583164436e+03
7.176020996235967786e-01 2.561387091610024981e+03
7.022317035502012583e-01 2.651629307693513510e+03
6.861818077463245347e-01 2.745050917313551508e+03
6.695099296057394067e-01 2.841763936150811787e+03
6.522743033046846106e-01 2.941884326397328550e+03
6.345335119094620557e-01 3.045532135799111529e+03
6.163461544399334580e-01 3.152831641597450471e+03
5.977705500833360164e-01 3.263911499541555258e+03
5.788644803166880237e-01 3.378904898151165071e+03
5.596849683301842182e-01 3.497949718414099152e+03
5.402880939018830375e-01 3.621188699110255584e+03
5.207288408009222991e-01 3.748769607960231951e+03
5.010609729276328528e-01 3.880845418803846314e+03
4.813369347582091562e-01 4.017574495020977793e+03
4.616077712611433292e-01 4.159120779414608478e+03
4.419230622929731234e-01 4.305653990783823247e+03
4.223308665518480942e-01 4.457349827422410272e+03
4.028776704492435523e-01 4.614390177787069661e+03
3.836083377253576288e-01 4.776963338587866019e+03
3.645660562489954626e-01 4.945264240562347368e+03
3.457922791708320509e-01 5.119494682204130186e+03
3.273266584009181801e-01 5.299863571726154987e+03
3.092069692182488616e-01 5.486587177548695763e+03
2.914690256551361602e-01 5.679889387612556675e+03
2.741465870984300945e-01 5.880001977828304007e+03
2.572712572841502343e-01 6.087164889983444482e+03
2.408723775082335372e-01 6.301626519440801530e+03
2.249769164161534996e-01 6.523644012972941709e+03
2.096093591565322822e-01 6.753483577089903520e+03
1.947915989829823447e-01 6.991420797229860000e+03
1.805428345640985865e-01 7.237740968195369533e+03
1.668794763183268637e-01 7.492739436231557193e+03
1.538150650367577921e-01 7.756721953156278687e+03
1.413602059036883629e-01 8.030005042966915425e+03
1.295225207847514326e-01 8.312916381363427718e+03
1.183066213387461429e-01 8.605795188642592620e+03
1.077141051349297524e-01 8.908992636434668384e+03
9.774357653450538308e-02 9.222872268770137453e+03
8.839069363402006496e-02 9.547810437981272116e+03
7.964824207863166472e-02 9.884196755961396775e+03
7.150623604273829981e-02 1.023243456132276515e+04
6.395204615131219739e-02 1.059294140301322659e+04
5.697055358415249043e-02 1.096614954097163354e+04
5.054432907401241321e-02 1.135250646442212019e+04
4.465383498574337917e-02 1.175247542842889379e+04
3.927764815601451215e-02 1.216653600935481336e+04
3.439270069201807306e-02 1.259518467988966768e+04
2.997453548456313621e-02 1.303893540433781527e+04
2.599757279910979574e-02 1.349832025487882311e+04
2.243538398141259327e-02 1.397389004954005213e+04
1.926096806652089974e-02 1.446621501264622930e+04
1.644702692421553744e-02 1.497588545853767027e+04
1.396623452216981705e-02 1.550351249937726243e+04
1.179149594923475063e-02 1.604972877789473205e+04
9.896192020687972005e-03 1.661518922594665128e+04
8.254405586157731109e-03 1.720057184980202874e+04
6.841126075405989937e-03 1.780657854309482718e+04
5.632429338150137660e-03 1.843393592841822829e+04
4.605630447333004286e-03 1.908339622856985443e+04
3.739407821535872031e-03 1.975573816849233117e+04
3.013897758195564682e-03 2.045176790899097978e+04
2.410759228364044420e-03 2.117232001334802408e+04
1.913209537419090483e-03 2.191825844799220067e+04
1.506032175396475152e-03 2.269047761842387990e+04
1.175558837535518961e-03 2.348990344163763802e+04
9.096281649084246969e-04 2.431749445632808056e+04
6.975242154286344972e-04 2.517424297221041707e+04
5.298980112284125150e-04 2.606117625983330799e+04
3.986757097574883781e-04 2.697935778231121731e+04
2.969570102078972272e-04 2.792988847045284274e+04
2.189073381760487790e-04 2.891390804281436431e+04
1.596471605876658979e-04 2.993259637226078485e+04
1.151414863956435979e-04 3.098717490067352264e+04
8.209222760666811780e-05 3.207890810350063475e+04
5.783565414881890486e-05 3.320910500590593438e+04
4.024670080848302982e-05 3.437912075233438372e+04
2.765140058492025944e-05 3.559035823137640546e+04
1.874825015798848159e-05 3.684426975787898846e+04
1.253888034421939020e-05 3.814235881432027963e+04
8.268023746520025534e-06 3.948618185353625449e+04
5.372454644338455757e-06 4.087735016496044409e+04
3.438328693493389891e-06 4.231753180661463557e+04
2.166173374683730803e-06 4.380845360516715300e+04
1.342671072659993636e-06 4.535190322645661217e+04
8.183283188373939069e-07 4.694973131896364066e+04
4.901276634126282373e-07 4.860385373280179920e+04
2.883019698649535735e-07 5.031625381688623020e+04
1.664433440006824247e-07 5.208898479703690100e+04
9.424962194132337300e-08 5.392417223786581599e+04
5.231075845251131137e-08 5.582401659140081028e+04
2.843767283555987037e-08 5.779079583550295501e+04
1.513112942455123990e-08 5.982686820523841016e+04
7.873980445670041478e-09 6.193467502048314782e+04
4.004265568798874795e-09 6.411674361314800626e+04
1.988405000558139519e-09 6.637569035753500066e+04
9.633314201505141353e-10 6.871422380745969713e+04
4.549442061369692635e-10 7.113514794389883173e+04
2.092480499208421758e-10 7.364136553705815459e+04
9.364425472471724525e-11 7.623588162689334422e+04
4.073789781973053989e-11 7.892180712625445449e+04
1.720998216142339553e-11 8.170236255097555113e+04
7.053064480011010872e-12 8.458088188138359692e+04
2.801085774298150293e-12 8.756081655985271209e+04
1.076825191246622714e-12 9.064573962920186750e+04
4.002546949120312605e-13 9.383935001689411001e+04
1.436761680075647676e-13 9.714547697017538303e+04
4.974582061300838980e-14 1.005680846474734572e+05
1.659203729228141355e-14 1.041112768715567072e+05
5.324052336210102943e-15 1.077793020501583960e+05
1.641317083980445743e-15 1.115765582699611114e+05
4.854421370144169313e-16 1.155075985700512829e+05
1.375443971222247032e-16 1.195771364011689438e+05
3.727795544604776361e-17 1.237900512772944494e+05
9.649063673665334594e-18 1.281513946263506223e+05
2.381433030029907782e-18 1.326663958470377547e+05
5.594781081349056122e-19 1.373404685790594376e+05
1.249007619820907198e-19 1.421792171942593995e+05
2.644865009526167460e-20 1.471884435164555325e+05
5.302614129575561642e-21 1.523741537780213694e+05
1.004587585126888453e-21 1.577425658215643780e+05
1.794859890541649550e-22 1.633001165553297033e+05
3.018015291915076300e-23 1.690534696712704608e+05
4.765758532215702327e-24 1.750095236350428022e+05
7.051819930501612743e-25 1.811754199574977683e+05
9.755150643987234750e-26 1.875585517575976555e+05
1.258636385570599066e-26 1.941665726270154119e+05
1.510893243271723833e-27 2.010074058070497413e+05
1.683179990386600208e-28 2.080892536888625764e+05
1.735592725357955293e-29 2.154206076484234654e+05
1.651971298213548303e-30 2.230102582279561029e+05
1.447337588078151656e-31 2.308673056760994077e+05
1.163809650949854523e-32 2.390011708594133961e+05
8.563006410010229561e-34 2.474216065583162126e+05
5.747036740850681191e-35 2.561387091610025091e+05
3.506940376840204453e-36 2.651629307693513692e+05
1.939202890492770963e-37 2.745050917313548271e+05
9.683247327474857138e-39 2.841763936150811496e+05
4.350719071347107040e-40 2.941884326397328405e+05
1.752377426874035483e-41 3.045532135799115058e+05
6.303014093465977686e-43 3.152831641597450362e+05
2.016468422075417543e-44 3.263911499541551457e+05
5.714320401768428624e-46 3.378904898151165107e+05
1.428275899055504561e-47 3.497949718414099189e+05
3.134822469690058769e-49 3.621188699110252201e+05
6.014207394875152074e-51 3.748769607960231951e+05
1.003805735989359586e-52 3.880845418803846696e+05
1.450425584813724485e-54 4.017574495020973845e+05
1.805133514910794316e-56 4.159120779414607678e+05
1.924895525920460474e-58 4.305653990783818881e+05
1.749139047036365603e-60 4.457349827422410017e+05
1.346830423182721516e-62 4.614390177787069697e+05
8.736525329913733428e-65 4.776963338587860926e+05
4.745460325878026223e-67 4.945264240562347113e+05
2.144943480944511568e-69 5.119494682204129640e+05
8.015667416325135399e-72 5.299863571726160590e+05
2.460023349305386847e-74 5.486587177548696054e+05
6.157455757782517821e-77 5.679889387612551218e+05
1.247976965615453106e-79 5.880001977828303352e+05
2.032945825654085287e-82 6.087164889983444009e+05
2.641289500717299260e-85 6.301626519440796692e+05
2.715291025844192973e-88 6.523644012972941855e+05
2.190504906896684455e-91 6.753483577089903411e+05
1.374961713107740903e-94 6.991420797229852760e+05
6.656039606724582901e-98 7.237740968195369933e+05
2.462324128325267505e-101 7.492739436231550062e+05
6.895466378817685723e-105 7.756721953156278469e+05
1.447475645902975985e-108 8.030005042966915062e+05
2.254644587690706440e-112 8.312916381363419350e+05
2.578687776711167146e-116 8.605795188642592402e+05
2.142136143930155812e-120 8.908992636434668675e+05
1.277998351262410241e-124 9.222872268770147348e+05
5.412318378206227865e-129 9.547810437981272116e+05
1.607543170111479109e-133 9.884196755961388117e+05
3.307043657948247615e-138 1.023243456132276566e+06
4.651528083945735917e-143 1.059294140301322564e+06
4.413796194829346984e-148 1.096614954097162234e+06
2.786553118421809539e-153 1.135250646442212164e+06
1.153788291428532386e-158 1.175247542842889437e+06
3.086983801350031375e-164 1.216653600935480092e+06
5.255454359511639709e-170 1.259518467988966731e+06
5.603208026515475754e-176 1.303893540433780057e+06
3.680043436889042771e-182 1.349832025487882318e+06
1.463678643104554661e-188 1.397389004954005359e+06
3.463704345561131977e-195 1.446621501264621271e+06
4.788433885433058267e-202 1.497588545853767078e+06
3.794715215053381994e-209 1.550351249937726418e+06
1.690376852009466358e-216 1.604972877789475024e+06
4.147555508513930997e-224 1.661518922594665084e+06
5.488836844505176457e-232 1.720057184980201069e+06
3.833553398437397508e-240 1.780657854309482733e+06
1.381581845792595819e-248 1.843393592841822887e+06
2.510047331651850846e-257 1.908339622856983449e+06
2.244073135523568602e-266 1.975573816849233350e+06
9.629245796404284718e-276 2.045176790899097919e+06
1.932483634427261162e-285 2.117232001334800385e+06
1.765956735236667158e-295 2.191825844799220096e+06
7.147393821059965539e-306 2.269047761842385866e+06
1.244887277106707508e-316 2.348990344163763802e+06
0.000000000000000000e+00 2.431749445632807910e+06
0.000000000000000000e+00 2.517424297221038956e+06
0.000000000000000000e+00 2.606117625983331352e+06
0.000000000000000000e+00 2.697935778231122065e+06
0.000000000000000000e+00 2.792988847045287024e+06
0.000000000000000000e+00 2.891390804281436373e+06
0.000000000000000000e+00 2.993259637226075400e+06
0.000000000000000000e+00 3.098717490067352541e+06
0.000000000000000000e+00 3.207890810350063257e+06
0.000000000000000000e+00 3.320910500590589829e+06
0.000000000000000000e+00 3.437912075233438984e+06
0.000000000000000000e+00 3.559035823137640487e+06
0.000000000000000000e+00 3.684426975787894800e+06
0.000000000000000000e+00 3.814235881432028022e+06
0.000000000000000000e+00 3.948618185353620909e+06
0.000000000000000000e+00 4.087735016496044584e+06
