1.893436473450787805e+00 9.740856777553571463e+08
1.893394525883604462e+00 1.008404446091375828e+09
1.893350723068562003e+00 1.043932325583627939e+09
1.893304973034003025e+00 1.080711915365444422e+09
1.893257178934346863e+00 1.118787315413279057e+09
1.893207238677694138e+00 1.158204179424072504e+09
1.893155044571775303e+00 1.199009769555585623e+09
1.893100482970303089e+00 1.241253013095334768e+09
1.893043433909240125e+00 1.284984561126064062e+09
1.892983770726732295e+00 1.330256849258116245e+09
1.892921359662838476e+00 1.377124160501508951e+09
1.892856059436399674e+00 1.425642690353103399e+09
1.892787720797013851e+00 1.475870614176919699e+09
1.892716186050351190e+00 1.527868156958362579e+09
1.892641288555125811e+00 1.581697665516029119e+09
1.892562852190049494e+00 1.637423683257662535e+09
1.892480690789037689e+00 1.695113027569881439e+09
1.892394607542888130e+00 1.754834869934499741e+09
1.892304394365546871e+00 1.816660818867479324e+09
1.892209831223030214e+00 1.880665005779968977e+09
1.892110685422947913e+00 1.946924173864390612e+09
1.892006710862510932e+00 2.015517770112119436e+09
1.891897647232804847e+00 2.086528040573129892e+09
1.891783219177026520e+00 2.160040128971806049e+09
1.891663135400278861e+00 2.236142178797144890e+09
1.891537087728447419e+00 2.314925438989799976e+09
1.891404750113570454e+00 2.396484373352655888e+09
1.891265777583047702e+00 2.480916773816131115e+09
1.891119805129928721e+00 2.568323877694032669e+09
1.890966446541448409e+00 2.658810489070515156e+09
1.890805293162900691e+00 2.752485104463742733e+09
1.890635912593856327e+00 2.849460042916905403e+09
1.890457847313682160e+00 2.949851580672547340e+09
1.890270613233235641e+00 3.053780090591738224e+09
1.890073698169580041e+00 3.161370186485217571e+09
1.889866560240517135e+00 3.272750872529579639e+09
1.889648626175704171e+00 3.388055697947671890e+09
1.889419289541115488e+00 3.507422917138627052e+09
1.889177908873615808e+00 3.630995655449589729e+09
1.888923805722432681e+00 3.758922080787875652e+09
1.888656262594357260e+00 3.891355581279301167e+09
1.888374520799593004e+00 4.028454949185762405e+09
1.888077778195240919e+00 4.170384571302551746e+09
1.887765186823577634e+00 4.317314626063688278e+09
1.887435850442404917e+00 4.469421287591667175e+09
1.887088821944993278e+00 4.626886936936170578e+09
1.886723100667361264e+00 4.789900380755163193e+09
1.886337629580933761e+00 4.958657077700489998e+09
1.885931292368966616e+00 5.133359372779405594e+09
1.885502910385525199e+00 5.314216739973127365e+09
1.885051239496263964e+00 5.501446033403242111e+09
1.884574966800773410e+00 5.695271747347150803e+09
1.884072707236873034e+00 5.895926285414353371e+09
1.883543000067895878e+00 6.103650239206225395e+09
1.882984305254756352e+00 6.318692676793533325e+09
1.882394999715451211e+00 6.541311441357522964e+09
1.881773373475578381e+00 6.771773460352609634e+09
1.881117625714483488e+00 7.010355065561476707e+09
1.880425860712787944e+00 7.257342324426258087e+09
1.879696083708304544e+00 7.513031383053103447e+09
1.878926196668690318e+00 7.777728821301439285e+09
1.878113993990680353e+00 8.051752020383582115e+09
1.877257158137325188e+00 8.335429543415600777e+09
1.876353255226378414e+00 8.629101529375679016e+09
1.875399730584822233e+00 8.933120100942237854e+09
1.874393904286474344e+00 9.247849786701015472e+09
1.873332966691712231e+00 9.573667958227195740e+09
1.872213974010544790e+00 9.910965282566740036e+09
1.871033843912579098e+00 1.026014619065946388e+10
1.869789351209849348e+00 1.062162936226540184e+10
1.868477123640997162e+00 1.099584822797608566e+10
1.867093637787872629e+00 1.138325148891254616e+10
1.865635215158308213e+00 1.178430365473316193e+10
1.864098018471511020e+00 1.219948560059650803e+10
1.862478048185271629e+00 1.262929514374699211e+10
1.860771139306893307e+00 1.307424764041464806e+10
1.858972958532460140e+00 1.353487660374472618e+10
1.857079001761679615e+00 1.401173434349806023e+10
1.855084592038042990e+00 1.450539262828921509e+10
1.852984877966395771e+00 1.501644337115648270e+10
1.850774832662183345e+00 1.554549933928569603e+10
1.848449253288476646e+00 1.609319488873885727e+10
1.846002761238491274e+00 1.666018672506860924e+10
1.843429803022456515e+00 1.724715469073048782e+10
1.840724651918421495e+00 1.785480258023709488e+10
1.837881410446802866e+00 1.848385898403158569e+10
1.834894013728050721e+00 1.913507816209235001e+10
1.831756233781769438e+00 1.980924094831635284e+10
1.828461684823799560e+00 2.050715568676544952e+10
1.825003829615148954e+00 2.122965920089834595e+10
1.821375986913146949e+00 2.197761779695033264e+10
1.817571340070727404e+00 2.275192830266389465e+10
1.813582946824292996e+00 2.355351914261558151e+10
1.809403750304104275e+00 2.438335145142858124e+10
1.805026591293540816e+00 2.524242022620575714e+10
1.800444221754918361e+00 2.613175551956497574e+10
1.795649319629784912e+00 2.705242367470713806e+10
1.790634504910795011e+00 2.800552860399782944e+10
1.785392356970466388e+00 2.899221311259576416e+10
1.779915433119383161e+00 3.001366026871495056e+10
1.774196288352895667e+00 3.107109482216363144e+10
1.768227496231211004e+00 3.216578467286084747e+10
1.762001670823142074e+00 3.329904239109145355e+10
1.755511489628951205e+00 3.447222679132254028e+10
1.748749717382925839e+00 3.568674456146803284e+10
1.741709230621857785e+00 3.694405194955518341e+10
1.734383042891828319e+00 3.824565650981546783e+10
1.726764330452964291e+00 3.959311891029326630e+10
1.718846458330523630e+00 4.098805480413982391e+10
1.710623006551222014e+00 4.243213676683612061e+10
1.702087796396495545e+00 4.392709630166772461e+10
1.693234916499859244e+00 4.547472591585604858e+10
1.684058748614011947e+00 4.707688126983525085e+10
1.674553992875235320e+00 4.873548340225208282e+10
1.664715692398233804e+00 5.045252103335644531e+10
1.654539257044037592e+00 5.223005294954451752e+10
1.644020486217184773e+00 5.407021047191349792e+10
1.633155590565982029e+00 5.597520001178784180e+10
1.621941212481260441e+00 5.794730571628141022e+10
1.610374445314338709e+00 5.998889220706742859e+10
1.598452851263524543e+00 6.210240741564006805e+10
1.586174477909831682e+00 6.429038551846736145e+10
1.573537873415943755e+00 6.655544997555478668e+10
1.560542100436895785e+00 6.890031667606298828e+10
1.547186748825411406e+00 7.132779719475099182e+10
1.533471947248171707e+00 7.384080216314964294e+10
1.519398373860141760e+00 7.644234475950770569e+10
1.504967266211169941e+00 7.913554432169491577e+10
1.490180430580944071e+00 8.192363008739392090e+10
1.475040250953764120e+00 8.480994506606571960e+10
1.459549697852162709e+00 8.779795004733157349e+10
1.443712337247167410e+00 9.089122775057731628e+10
1.427532339751987678e+00 9.409348712075540161e+10
1.411014490284665301e+00 9.740856777553572083e+10
1.394164198353393003e+00 1.008404446091374817e+11
1.376987509076049054e+00 1.043932325583626862e+11
1.359491114993487404e+00 1.080711915365444336e+11
1.341682368675324533e+00 1.118787315413279266e+11
1.323569296048761945e+00 1.158204179424072723e+11
1.305160610307201541e+00 1.199009769555585632e+11
1.286465726178193547e+00 1.241253013095334930e+11
1.267494774252031053e+00 1.284984561126064148e+11
1.248258614995625182e+00 1.330256849258114929e+11
1.228768852003865319e+00 1.377124160501507568e+11
1.209037843975041993e+00 1.425642690353103333e+11
1.189078714840517970e+00 1.475870614176919556e+11
1.168905361433864254e+00 1.527868156958362732e+11
1.148532458052860417e+00 1.581697665516029053e+11
1.127975457250412594e+00 1.637423683257662354e+11
1.107250586188442742e+00 1.695113027569881592e+11
1.086374837902352120e+00 1.754834869934497986e+11
1.065365956852682094e+00 1.816660818867477722e+11
1.044242418184367249e+00 1.880665005779969177e+11
1.023023400171491737e+00 1.946924173864390564e+11
1.001728749395503382e+00 2.015517770112119751e+11
9.803789382858735246e-01 2.086528040573129883e+11
9.589950147427647176e-01 2.160040128971806030e+11
9.375985436599353351e-01 2.236142178797145081e+11
9.162115402714544610e-01 2.314925438989797668e+11
8.948563953567698626e-01 2.396484373352653503e+11
8.735557924542279862e-01 2.480916773816131287e+11
8.523326173524828908e-01 2.568323877694032593e+11
8.312098602517998813e-01 2.658810489070514832e+11
8.102105111123207859e-01 2.752485104463742676e+11
7.893574488334008654e-01 2.849460042916905518e+11
7.686733250363076975e-01 2.949851580672547607e+11
7.481804433508940644e-01 3.053780090591735229e+11
7.279006352340195996e-01 3.161370186485214233e+11
7.078551334717360088e-01 3.272750872529579468e+11
6.880644446364081457e-01 3.388055697947672119e+11
6.685482218814680078e-01 3.507422917138626709e+11
6.493251395573365059e-01 3.630995655449589844e+11
6.304127712188490884e-01 3.758922080787875366e+11
6.118274726636858674e-01 3.891355581279301147e+11
5.935842716890046278e-01 4.028454949185758667e+11
5.756967662759565618e-01 4.170384571302547607e+11
5.581770329053459267e-01 4.317314626063688965e+11
5.410355466689606985e-01 4.469421287591666870e+11
5.242811147672341576e-01 4.626886936936170654e+11
5.079208248725208819e-01 4.789900380755162964e+11
4.919600096869754524e-01 4.958657077700489502e+11
4.764022288343086609e-01 5.133359372779405518e+11
4.612492689961043002e-01 5.314216739973121948e+11
4.465011629378844993e-01 5.501446033403236084e+11
4.321562277708128619e-01 5.695271747347150879e+11
4.182111224664866178e-01 5.895926285414353027e+11
4.046609242907507897e-01 6.103650239206224365e+11
3.914992234552519546e-01 6.318692676793532715e+11
3.787182349112988566e-01 6.541311441357523193e+11
3.663089258393237291e-01 6.771773460352609863e+11
3.542611570295501888e-01 7.010355065561468506e+11
3.425638360166410323e-01 7.257342324426251221e+11
3.312050795345697352e-01 7.513031383053103027e+11
3.201723826088645475e-01 7.777728821301439209e+11
3.094527914122028878e-01 8.051752020383581543e+11
2.990330768851902632e-01 8.335429543415600586e+11
2.888999060744787406e-01 8.629101529375679932e+11
2.790400081703319213e-01 8.933120100942239990e+11
2.694403323378025128e-01 9.247849786701005859e+11
2.600881946294187341e-01 9.573667958227186279e+11
2.509714115389817257e-01 9.910965282566740723e+11
2.420784180988396761e-01 1.026014619065946289e+12
2.333983688268020384e-01 1.062162936226540161e+12
2.249212202807275296e-01 1.099584822797608154e+12
2.166377944634728381e-01 1.138325148891254639e+12
2.085398228212314020e-01 1.178430365473316162e+12
2.006199710761777388e-01 1.219948560059649414e+12
1.928718456115316449e-01 1.262929514374698730e+12
1.852899825661090960e-01 1.307424764041464844e+12
1.778698211802661466e-01 1.353487660374472656e+12
1.706076632525040104e-01 1.401173434349806152e+12
1.635006208056697108e-01 1.450539262828920654e+12
1.565465542172114755e-01 1.501644337115648193e+12
1.497440031369018376e-01 1.554549933928569580e+12
1.430921124994573024e-01 1.609319488873884277e+12
1.365905558441469492e-01 1.666018672506860107e+12
1.302394579877741154e-01 1.724715469073048584e+12
1.240393188731720719e-01 1.785480258023709473e+12
1.179909401464396546e-01 1.848385898403158447e+12
1.120953557175362880e-01 1.913507816209234131e+12
1.063537672458155503e-01 1.980924094831635254e+12
1.007674851792491610e-01 2.050715568676545166e+12
9.533787567678851660e-02 2.122965920089832275e+12
9.006631346897546464e-02 2.197761779695032227e+12
8.495414047167690330e-02 2.275192830266389648e+12
8.000262976836933215e-02 2.355351914261558105e+12
7.521295442196608561e-02 2.438335145142858398e+12
7.058616046963148150e-02 2.524242022620574219e+12
6.612314339318052514e-02 2.613175551956497559e+12
6.182462734156413120e-02 2.705242367470713379e+12
5.769114640716477976e-02 2.800552860399780273e+12
5.372302731965813982e-02 2.899221311259575195e+12
4.992037301459814613e-02 3.001366026871495117e+12
4.628304665258959477e-02 3.107109482216363281e+12
4.281065580236950024e-02 3.216578467286084473e+12
3.950253665040524137e-02 3.329904239109143555e+12
3.635773825361525435e-02 3.447222679132254395e+12
3.337500700332758641e-02 3.568674456146802734e+12
3.055277161049990697e-02 3.694405194955514648e+12
2.788912904775227991e-02 3.824565650981544922e+12
2.538183198665249982e-02 3.959311891029327148e+12
2.302827834352761185e-02 4.098805480413981934e+12
2.082550358952997213e-02 4.243213676683611816e+12
1.877017648778310163e-02 4.392709630166770508e+12
1.685859889076499543e-02 4.547472591585604492e+12
1.508671016495466248e-02 4.707688126983525391e+12
1.345009670922872429e-02 4.873548340225204102e+12
1.194400690234396004e-02 5.045252103335641602e+12
1.056337165844216906e-02 5.223005294954452148e+12
9.302830594579918067e-03 5.407021047191349609e+12
8.156763628557458720e-03 5.597520001178784180e+12
7.119327637169295571e-03 5.794730571628137695e+12
6.184497623013978686e-03 5.998889220706742188e+12
5.346111670548025704e-03 6.210240741564006836e+12
4.597918826859913322e-03 6.429038551846728516e+12
3.933628926358432448e-03 6.655544997555474609e+12
3.346963296530877652e-03 6.890031667606298828e+12
2.831705237841036261e-03 7.132779719475098633e+12
2.381749166650961105e-03 7.384080216314962891e+12
1.991147345874361239e-03 7.644234475950766602e+12
1.654153202217576455e-03 7.913554432169492188e+12
1.365260337963711138e-03 8.192363008739392578e+12
1.119236484442663083e-03 8.480994506606563477e+12
9.111518075068773554e-04 8.779795004733153320e+12
7.364011554704831932e-04 9.089122775057732422e+12
5.907200294486317747e-04 9.409348712075541016e+12
4.701942470007160549e-04 9.740856777553572266e+12
3.712634547071328264e-04 1.008404446091374805e+13
2.907188165442939082e-04 1.043932325583625781e+13
2.256953562193616657e-04 1.080711915365444336e+13
1.736595576300277097e-04 1.118787315413278125e+13
1.323929243005606254e-04 1.158204179424072656e+13
9.997226349019057423e-05 1.199009769555585742e+13
7.474749274733515710e-05 1.241253013095333594e+13
5.531776667551768740e-05 1.284984561126064062e+13
4.050669179271561613e-05 1.330256849258114844e+13
2.933734117367025850e-05 1.377124160501508789e+13
2.100770274119780436e-05 1.425642690353103516e+13
1.486710108783888338e-05 1.475870614176918164e+13
1.039402846646984712e-05 1.527868156958362891e+13
7.175712044974333351e-06 1.581697665516029102e+13
4.889637319751513158e-06 1.637423683257660938e+13
3.287146727667165960e-06 1.695113027569881445e+13
2.179142082407163231e-06 1.754834869934498047e+13
1.423842500041717682e-06 1.816660818867475781e+13
9.164878104128962353e-07 1.880665005779969141e+13
5.808317569166496432e-07 1.946924173864388672e+13
3.622391886808767531e-07 2.015517770112119531e+13
2.221856787895056443e-07 2.086528040573130078e+13
1.339546251958271885e-07 2.160040128971803516e+13
7.933354984927332893e-08 2.236142178797144922e+13
4.612546990057933116e-08 2.314925438989797656e+13
2.631037690657212008e-08 2.396484373352655859e+13
1.471374905298545416e-08 2.480916773816131250e+13
8.061706603707887161e-09 2.568323877694029688e+13
4.324388437889794711e-09 2.658810489070515234e+13
2.269301135473629764e-09 2.752485104463742578e+13
1.164108656450253510e-09 2.849460042916902344e+13
5.832856124094248668e-10 2.949851580672547266e+13
2.852302100086688126e-10 3.053780090591735156e+13
1.360077853252648764e-10 3.161370186485211328e+13
6.318301678007759252e-11 3.272750872529579297e+13
2.856972468215136559e-11 3.388055697947668359e+13
1.256225369777598944e-11 3.507422917138626953e+13
5.366078362618193079e-12 3.630995655449589844e+13
2.224495192571397192e-12 3.758922080787871875e+13
8.939894662688945796e-13 3.891355581279300781e+13
3.479245741700700735e-13 4.028454949185758594e+13
1.309779410141834153e-13 4.170384571302552344e+13
4.763902133390441709e-14 4.317314626063689062e+13
1.672062328728044633e-14 4.469421287591661719e+13
5.656162002962671679e-15 4.626886936936170312e+13
1.841647643766802036e-15 4.789900380755163281e+13
5.763977277099809416e-16 4.958657077700484375e+13
1.731665885399290620e-16 5.133359372779405469e+13
4.986615240038218246e-17 5.314216739973121875e+13
1.374356082101235899e-17 5.501446033403230469e+13
3.619705354672721135e-18 5.695271747347150781e+13
9.095633720256965667e-19 5.895926285414346875e+13
2.177004207197190940e-19 6.103650239206225000e+13
4.954588240685777195e-20 6.318692676793532812e+13
1.070303781123310131e-20 6.541311441357515625e+13
2.190583373434129214e-21 6.771773460352609375e+13
4.239744431642549816e-22 7.010355065561469531e+13
7.744467451068136882e-23 7.257342324426257812e+13
1.332386193195173112e-23 7.513031383053103125e+13
2.154462194642921261e-24 7.777728821301431250e+13
3.267149712729210786e-25 8.051752020383581250e+13
4.635946182851437558e-26 8.335429543415601562e+13
6.140872914539912350e-27 8.629101529375670312e+13
7.575155740290447269e-28 8.933120100942239062e+13
8.680265849886450510e-29 9.247849786701006250e+13
9.215658429937346062e-30 9.573667958227176562e+13
9.040734771554234859e-31 9.910965282566740625e+13
8.172521843289406779e-32 1.026014619065945312e+14
6.787843886505683503e-33 1.062162936226540156e+14
5.164583335622225549e-34 1.099584822797608125e+14
3.588600120258830745e-35 1.138325148891253438e+14
2.269930525888539870e-36 1.178430365473316094e+14
1.302747494360408474e-37 1.219948560059649375e+14
6.760517283666074100e-39 1.262929514374699688e+14
3.161047288409703135e-40 1.307424764041464688e+14
1.326839979667163337e-41 1.353487660374471406e+14
4.980712929590564318e-43 1.401173434349806094e+14
1.665484611815990139e-44 1.450539262828920625e+14
4.940790200430161783e-46 1.501644337115646875e+14
1.294872655505723452e-47 1.554549933928569688e+14
2.984944148860207185e-49 1.609319488873884062e+14
6.025050548100009104e-51 1.666018672506858125e+14
1.059908030560612743e-52 1.724715469073048750e+14
1.617166503118754681e-54 1.785480258023707500e+14
2.129326685144276571e-56 1.848385898403158438e+14
2.406999852050059585e-58 1.913507816209234062e+14
2.323388303319749101e-60 1.980924094831633125e+14
1.904421272104266460e-62 2.050715568676545000e+14
1.317947541055150810e-64 2.122965920089832500e+14
7.654861692250152273e-67 2.197761779695034688e+14
3.708512125850676361e-69 2.275192830266389375e+14
1.489051575429455814e-71 2.355351914261555938e+14
4.922596362314735677e-74 2.438335145142858438e+14
1.330695533897009361e-76 2.524242022620574688e+14
2.920679492942276744e-79 2.613175551956494375e+14
5.166805190444406539e-82 2.705242367470713438e+14
7.311276382102440402e-85 2.800552860399780625e+14
8.210713948910560938e-88 2.899221311259571875e+14
7.258528122923354409e-91 3.001366026871495000e+14
5.008813227665980804e-94 3.107109482216360000e+14
2.674542238917286843e-97 3.216578467286084375e+14
1.095137405397019370e-100 3.329904239109143750e+14
3.406671278727206664e-104 3.447222679132250625e+14
7.973135254873097274e-108 3.568674456146803125e+14
1.389990993771723463e-111 3.694405194955515000e+14
1.786372745472350340e-115 3.824565650981548750e+14
1.674341092181256754e-119 3.959311891029326875e+14
1.131872945733706408e-123 4.098805480413978125e+14
5.455484015183284327e-128 4.243213676683611875e+14
1.852569772595983933e-132 4.392709630166771250e+14
4.377871242542595231e-137 4.547472591585600625e+14
7.108061480203843053e-142 4.707688126983525625e+14
7.825216460020968725e-147 4.873548340225203125e+14
5.761736877251674643e-152 5.045252103335636875e+14
2.797485134810536367e-157 5.223005294954451875e+14
8.826083844737179875e-163 5.407021047191344375e+14
1.782207717245492671e-168 5.597520001178783750e+14
2.267307009589538212e-174 5.794730571628137500e+14
1.787949461995827664e-180 5.998889220706736250e+14
8.593600384515534987e-187 6.210240741564007500e+14
2.473969635630823439e-193 6.429038551846728750e+14
4.189577729632449435e-200 6.655544997555481250e+14
4.096225803101301361e-207 6.890031667606298750e+14
2.267933432273277491e-214 7.132779719475091250e+14
6.969608781750787456e-222 7.384080216314963750e+14
1.164422352434469447e-229 7.644234475950765000e+14
1.035170046547892131e-237 7.913554432169483750e+14
4.789149009328110878e-246 8.192363008739392500e+14
1.126825951554396234e-254 8.480994506606563750e+14
1.316622954743696496e-263 8.779795004733143750e+14
7.453527372204359430e-273 9.089122775057731250e+14
1.992831313670075598e-282 9.409348712075531250e+14
2.450807863017079195e-292 9.740856777553571250e+14
