1.246204034468462984e-08 4.419960355047153122e+00
1.712306663065833958e-08 4.575683407898923249e+00
2.349517588498983943e-08 4.736892860456016763e+00
3.219299260063733615e-08 4.903782008323515740e+00
4.404622444386223289e-08 5.076550957253957108e+00
6.017256479277789183e-08 5.255406863080906099e+00
8.207439976077284806e-08 5.440564180105835312e+00
1.117666416315956681e-07 5.632244918236127162e+00
1.519452602961201692e-07 5.830678909182465119e+00
2.062087143069572874e-07 6.036104082034865925e+00
2.793480283483235756e-07 6.248766748547736505e+00
3.777253875349348468e-07 6.468921898476015286e+00
5.097666419555436739e-07 6.696833505316571511e+00
6.865995537588965092e-07 6.932774842821348926e+00
9.228778464514500165e-07 7.177028812661887969e+00
1.237840877200546674e-06 7.429888283638048208e+00
1.656670796142663536e-06 7.691656442837604857e+00
2.212223212526405246e-06 7.962647159167882904e+00
2.947224483969725570e-06 8.243185359695219816e+00
3.917048545331544957e-06 8.533607419243539383e+00
5.193209404947063636e-06 8.834261563719218557e+00
6.867731935451924926e-06 9.145508287645712997e+00
9.058593619174930739e-06 9.467720786408751366e+00
1.191646330033901353e-05 9.801285403730302548e+00
1.563299948360728620e-05 1.014660209490774889e+01
2.045100981928999495e-05 1.050408490637390457e+01
2.667681393733832207e-05 1.087416247215272591e+01
3.469519275081760494e-05 1.125727852780604721e+01
4.498734654866185911e-05 1.165389244248762957e+01
5.815231954337065398e-05 1.206447976974228276e+01
7.493237676666206551e-05 1.248953281771076185e+01
9.624283694341887070e-05 1.292956123942395763e+01
1.232068679033558448e-04 1.338509264389410802e+01
1.571957345711680277e-04 1.385667322873596419e+01
1.998749485880878848e-04 1.434486843507625764e+01
2.532566980088543727e-04 1.485026362553677792e+01
3.197588302279345883e-04 1.537346478610409051e+01
4.022705169790165443e-04 1.591509925272721482e+01
5.042245434046529291e-04 1.647581646351475015e+01
6.296759319598613930e-04 1.705628873743328100e+01
7.833863363529999877e-04 1.765721208044051593e+01
9.709133237398950324e-04 1.827930702002012708e+01
1.198703310532329416e-03 1.892331946911865970e+01
1.474186537919003771e-03 1.959002162052041385e+01
1.805872080067492599e-03 2.028021287273292117e+01
2.203440487420421819e-03 2.099472078849273160e+01
2.677831298840287026e-03 2.173440208704131038e+01
3.241322331516158749e-03 2.250014367136052940e+01
3.907597399837890728e-03 2.329286369159933656e+01
4.691798947354470541e-03 2.411351264596700616e+01
5.610562021401384498e-03 2.496307452041275354e+01
6.682026097098257150e-03 2.584256796845824411e+01
7.925821479995251440e-03 2.675304753259785429e+01
9.363027392484776779e-03 2.769560490873074698e+01
1.101609937807399540e-02 2.867137025514139026e+01
1.290876433104920333e-02 2.968151354759778116e+01
1.506588225974988399e-02 3.072724598219193481e+01
1.751327479396866046e-02 3.180982142760521469e+01
2.027752141810126169e-02 3.293053792853941530e+01
2.338572541363577104e-02 3.409073926211637939e+01
2.686525248614745134e-02 3.529181654911250376e+01
3.074344599156084851e-02 3.653520992195957717e+01
3.504732352464760836e-02 3.782241025151252245e+01
3.980326035472103730e-02 3.915496093465429084e+01
4.503666576114630227e-02 4.053445974488086279e+01
5.077165871446952250e-02 4.196256074808606229e+01
5.703074955624089920e-02 4.344097628584263759e+01
6.383453434878251509e-02 4.497147902855794399e+01
7.120140839979062497e-02 4.655590410096601772e+01
7.914730512614762126e-02 4.819615128250421776e+01
8.768546592151862940e-02 4.989418728521336988e+01
9.682624605055288602e-02 5.165204811189230583e+01
1.065769608272052471e-01 5.347184149733423197e+01
1.169417754642390200e-01 5.535574943557229233e+01
1.279216410233190437e-01 5.730603079616447104e+01
1.395142778679623052e-01 5.932502403265492319e+01
1.517142069430659490e-01 6.141514998645911305e+01
1.645128280942994292e-01 6.357891478953476394e+01
1.778985435203776500e-01 6.581891286931914919e+01
1.918569233463837675e-01 6.813783005953580130e+01
2.063709092460662975e-01 7.053844682060011451e+01
2.214210510577031554e-01 7.302364157348583262e+01
2.369857704666805676e-01 7.559639415104943794e+01
2.530416451038082770e-01 7.825978937095098331e+01
2.695637058653856943e-01 8.101702073445514429e+01
2.865257399287633455e-01 8.387139425554748584e+01
3.039005918379991678e-01 8.682633242495755610e+01
3.216604551816202306e-01 8.988537831384145704e+01
3.397771477802487561e-01 9.305219982204440043e+01
3.582223639360338496e-01 9.633059407603700208e+01
3.769678981458020051e-01 9.972449198179886309e+01
3.959858357118686834e-01 1.032379629381082964e+02
4.152487068550626548e-01 1.068752197158896564e+02
4.347296021930954768e-01 1.106406235094683552e+02
4.544022487395733556e-01 1.145386891657911264e+02
4.742410468493878373e-01 1.185740905978807547e+02
4.942210697326372970e-01 1.227516663890164210e+02
5.143180282349074650e-01 1.270764255943590513e+02
5.345082044984343916e-01 1.315535537469786505e+02
5.547683588483309780e-01 1.361884190754845463e+02
5.750756147740312407e-01 1.409865789407135424e+02
5.954073271932655009e-01 1.459537864991942229e+02
6.157409393002268860e-01 1.510959976013766379e+02
6.360538332269570772e-01 1.564193779328996925e+02
6.563231795111925670e-01 1.619303104074571991e+02
6.765257899947485498e-01 1.676354028201276947e+02
6.966379783071706688e-01 1.735414957703454775e+02
7.166354315541421105e-01 1.796556708640114550e+02
7.364930962623066346e-01 1.859852592045788811e+02
7.561850810618405694e-01 1.925378501832949780e+02
7.756845780408959667e-01 1.993213005791388923e+02
7.949638042020568118e-01 2.063437439793664510e+02
8.139939640038824642e-01 2.136136005319572178e+02
8.327452335882586931e-01 2.211395870416574780e+02
8.511867669782503532e-01 2.289307274217251802e+02
8.692867242781183723e-01 2.369963635139083351e+02
8.870123217095602364e-01 2.453461662896302755e+02
9.043299031654482567e-01 2.539901474458123118e+02
9.212050328420596790e-01 2.629386714092383386e+02
9.376026084099490232e-01 2.722024677638546564e+02
9.534869940896755214e-01 2.817926441159049205e+02
9.688221729003003713e-01 2.917206994123269510e+02
9.835719172365983143e-01 3.019985377283803132e+02
9.976999767983455447e-01 3.126384825410372059e+02
1.011170282737596349e+00 3.236532915052492285e+02
1.023947166705767797e+00 3.350561717508082893e+02
1.035995593272478921e+00 3.468607957181437200e+02
1.047281403955325541e+00 3.590813175520428899e+02
1.057771570849172171e+00 3.717323900729509774e+02
1.067434457581518670e+00 3.848291823461992180e+02
1.076240085054798845e+00 3.983873978702296768e+02
1.084160399175722489e+00 4.124232934056235536e+02
1.091169537525166655e+00 4.269536984675078202e+02
1.097244091699090873e+00 4.419960355047153371e+02
1.102363361860983160e+00 4.575683407898918631e+02
1.106509599898642948e+00 4.736892860456012500e+02
1.109668237481328035e+00 4.903782008323515242e+02
1.111828095275521955e+00 5.076550957253957677e+02
1.112981569605792753e+00 5.255406863080906987e+02
1.113124792947352670e+00 5.440564180105834566e+02
1.112257764813734173e+00 5.632244918236127660e+02
1.110384449859505684e+00 5.830678909182465759e+02
1.107512840355740380e+00 6.036104082034860312e+02
1.103654980614733105e+00 6.248766748547730003e+02
1.098826951437838151e+00 6.468921898476014576e+02
1.093048813231860317e+00 6.696833505316571973e+02
1.086344507078219168e+00 6.932774842821349921e+02
1.078741713735748009e+00 7.177028812661886832e+02
1.070271671300413008e+00 7.429888283638047142e+02
1.060968953018633476e+00 7.691656442837604573e+02
1.050871207537837471e+00 7.962647159167873951e+02
1.040018864658394548e+00 8.243185359695211218e+02
1.028454810403089947e+00 8.533607419243539880e+02
1.016224035920000990e+00 8.834261563719218202e+02
1.003373265357448973e+00 9.145508287645712926e+02
9.899505683708473835e-01 9.467720786408750655e+02
9.760049633172390715e-01 9.801285403730303187e+02
9.615860174427535156e-01 1.014660209490775060e+03
9.467434504534717465e-01 1.050408490637389377e+03
9.315267477684894271e-01 1.087416247215271596e+03
9.159847894787632727e-01 1.125727852780604962e+03
9.001655005772274398e-01 1.165389244248762907e+03
8.841155273935242809e-01 1.206447976974228368e+03
8.678799443776984424e-01 1.248953281771076263e+03
8.515019944572148614e-01 1.292956123942395834e+03
8.350228651745569275e-01 1.338509264389410873e+03
8.184815017392441661e-01 1.385667322873595140e+03
8.019144570446646858e-01 1.434486843507624144e+03
7.853557776560762260e-01 1.485026362553677700e+03
7.688369238215845280e-01 1.537346478610409122e+03
7.523867207407372026e-01 1.591509925272721148e+03
7.360313376880078806e-01 1.647581646351475001e+03
7.197942911649166664e-01 1.705628873743327858e+03
7.036964680677667561e-01 1.765721208044051536e+03
6.877561649172517777e-01 1.827930702002011003e+03
6.719891394959394137e-01 1.892331946911863952e+03
6.564086717585299047e-01 1.959002162052041513e+03
6.410256315813179784e-01 2.028021287273292046e+03
6.258485517514956742e-01 2.099472078849273203e+03
6.108837055028311092e-01 2.173440208704130782e+03
5.961351888139818644e-01 2.250014367136052897e+03
5.816050085287333138e-01 2.329286369159933656e+03
5.672931780658683198e-01 2.411351264596698002e+03
5.531978229999402474e-01 2.496307452041272427e+03
5.393152990652056999e-01 2.584256796845824283e+03
5.256403251322971926e-01 2.675304753259785230e+03
5.121661334194396176e-01 2.769560490873074286e+03
4.988846386367611352e-01 2.867137025514138713e+03
4.857866269542480686e-01 2.968151354759777860e+03
4.728619646810136024e-01 3.072724598219193467e+03
4.600998254114408992e-01 3.180982142760518400e+03
4.474889332091596117e-01 3.293053792853938376e+03
4.350178182446388653e-01 3.409073926211637627e+03
4.226750802574851251e-01 3.529181654911250462e+03
4.104496543543358356e-01 3.653520992195957660e+03
3.983310730388499588e-01 3.782241025151251961e+03
3.863097180460142721e-01 3.915496093465429112e+03
3.743770555429587477e-01 4.053445974488086449e+03
3.625258485653201079e-01 4.196256074808601625e+03
3.507503411635362611e-01 4.344097628584259837e+03
3.390464095997254290e-01 4.497147902855794200e+03
3.274116770098661755e-01 4.655590410096601772e+03
3.158455891635060797e-01 4.819615128250421549e+03
3.043494502437106841e-01 4.989418728521334742e+03
2.929264188620515630e-01 5.165204811189229986e+03
2.815814657497757167e-01 5.347184149733422601e+03
2.703212956678202050e-01 5.535574943557223378e+03
2.591542370075934909e-01 5.730603079616444120e+03
2.480901032777950710e-01 5.932502403265492831e+03
2.371400311712055509e-01 6.141514998645911874e+03
2.263163001753669135e-01 6.357891478953476508e+03
2.156321387420128965e-01 6.581891286931911964e+03
2.051015218834032761e-01 6.813783005953579050e+03
1.947389647499846166e-01 7.053844682060012019e+03
1.845593162999554782e-01 7.302364157348576555e+03
1.745775566376984167e-01 7.559639415104940781e+03
1.648086010153452241e-01 7.825978937095098445e+03
1.552671128985121107e-01 8.101702073445514543e+03
1.459673279276166857e-01 8.387139425554749323e+03
1.369228900881545585e-01 8.682633242495750892e+03
1.281467009576681138e-01 8.988537831384146557e+03
1.196507825369102218e-01 9.305219982204442204e+03
1.114461539031804116e-01 9.633059407603690488e+03
1.035427217431767466e-01 9.972449198179880113e+03
9.594918472292285339e-02 1.032379629381083032e+04
8.867295162049532165e-02 1.068752197158896524e+04
8.172007316712669167e-02 1.106406235094683689e+04
7.509518759561942258e-02 1.145386891657910564e+04
6.880147996340521543e-02 1.185740905978807496e+04
6.284065538350251667e-02 1.227516663890164091e+04
5.721292634462106508e-02 1.270764255943589160e+04
5.191701431922954302e-02 1.315535537469785777e+04
4.695016583643373681e-02 1.361884190754845258e+04
4.230818312957893707e-02 1.409865789407135526e+04
3.798546935484140713e-02 1.459537864991942115e+04
3.397508821834584192e-02 1.510959976013765481e+04
3.026883765026325973e-02 1.564193779328997152e+04
2.685733693218650409e-02 1.619303104074571638e+04
2.373012642815065798e-02 1.676354028201275287e+04
2.087577880076999307e-02 1.735414957703453911e+04
1.828202032379239866e-02 1.796556708640114812e+04
1.593586064303669989e-02 1.859852592045788697e+04
1.382372910115750760e-02 1.925378501832949769e+04
1.193161553936301043e-02 1.993213005791388059e+04
1.024521333144095755e-02 2.063437439793664453e+04
8.750062301122912486e-03 2.136136005319572359e+04
7.431689129985780823e-03 2.211395870416572870e+04
6.275742884641050470e-03 2.289307274217250597e+04
5.268123381320160767e-03 2.369963635139083271e+04
4.395100262896070240e-03 2.453461662896302369e+04
3.643420884874928184e-03 2.539901474458123266e+04
3.000405387142829339e-03 2.629386714092381953e+04
2.454027658785431273e-03 2.722024677638546564e+04
1.992981273215723055e-03 2.817926441159049500e+04
1.606729867214237370e-03 2.917206994123266122e+04
1.285541845872816957e-03 3.019985377283801427e+04
1.020509700532679130e-03 3.126384825410372287e+04
8.035546131855591297e-04 3.236532915052492172e+04
6.274173736785227089e-04 3.350561717508082802e+04
4.856369420796627714e-04 3.468607957181435631e+04
3.725182365538001620e-04 3.590813175520429650e+04
2.830909087085100250e-04 3.717323900729510206e+04
2.130609785435529872e-04 3.848291823461987951e+04
1.587572384014054264e-04 3.983873978702295426e+04
1.170743018523158182e-04 4.124232934056235536e+04
8.541407490890864462e-05 4.269536984675078565e+04
6.162727207598416327e-05 4.419960355047152552e+04
4.395639968030397337e-05 4.575683407898918085e+04
3.098139655846695906e-05 4.736892860456008202e+04
2.156887118908745770e-05 4.903782008323515038e+04
1.482561833485931895e-05 5.076550957253952947e+04
1.005684986766624197e-05 5.255406863080906624e+04
6.729344660797743995e-06 5.440564180105835112e+04
4.439519968124030216e-06 5.632244918236121885e+04
2.886257677859152191e-06 5.830678909182464849e+04
1.848186588683975921e-06 6.036104082034860039e+04
1.165027115141964059e-06 6.248766748547736643e+04
7.225459311483945920e-07 6.468921898476015485e+04
4.406414314099159402e-07 6.696833505316564697e+04
2.640815823431951857e-07 6.932774842821349739e+04
1.554380038864585222e-07 7.177028812661887787e+04
8.979799200006048865e-08 7.429888283638040593e+04
5.088392921478738025e-08 7.691656442837604845e+04
2.826203753413831854e-08 7.962647159167873906e+04
1.537548792715758232e-08 8.243185359695203078e+04
8.187285953288196909e-09 8.533607419243539334e+04
4.263914266028368192e-09 8.834261563719209516e+04
2.170174703299721911e-09 9.145508287645711971e+04
1.078566593908824032e-09 9.467720786408751155e+04
5.229993921772432095e-10 9.801285403730292455e+04
2.472182018590155267e-10 1.014660209490775014e+05
1.138137025139903454e-10 1.050408490637389477e+05
5.098466522820981818e-11 1.087416247215272597e+05
2.220226770972116424e-11 1.125727852780604881e+05
9.389337254814350789e-12 1.165389244248761679e+05
3.852159221037599659e-12 1.206447976974228368e+05
1.531585563858599932e-12 1.248953281771076145e+05
5.894754929106904198e-13 1.292956123942394333e+05
2.193716438881752283e-13 1.338509264389410673e+05
7.884438008383373961e-14 1.385667322873595112e+05
2.733402903605942435e-14 1.434486843507622834e+05
9.129091905707279923e-15 1.485026362553677754e+05
2.933401132450620948e-15 1.537346478610407503e+05
9.056160033782889793e-16 1.591509925272721448e+05
2.682461262109317896e-16 1.647581646351475210e+05
7.612126284482179996e-17 1.705628873743326403e+05
2.066358927056842125e-17 1.765721208044051309e+05
5.357396312404970054e-18 1.827930702002010948e+05
1.324485137862613662e-18 1.892331946911865962e+05
3.117152172351893944e-19 1.959002162052041676e+05
6.971611513484819332e-20 2.028021287273289927e+05
1.479083632253415021e-20 2.099472078849273094e+05
2.971182332980803512e-21 2.173440208704131073e+05
5.640363512359013436e-22 2.250014367136050714e+05
1.009859261788957595e-22 2.329286369159933529e+05
1.701746419632168559e-23 2.411351264596698165e+05
2.693281700650429940e-24 2.496307452041270153e+05
3.994493280698342324e-25 2.584256796845824283e+05
5.539120410846031645e-26 2.675304753259782447e+05
7.164573088892602652e-27 2.769560490873074741e+05
8.622737926957440488e-28 2.867137025514139095e+05
9.631697800055904359e-29 2.968151354759774986e+05
9.959141202682244632e-30 3.072724598219193285e+05
9.506500769034716609e-31 3.180982142760518473e+05
8.353644420717298918e-32 3.293053792853942141e+05
6.737851411114200008e-33 3.409073926211637445e+05
4.973315952728892830e-34 3.529181654911246733e+05
3.348826843946789713e-35 3.653520992195957806e+05
2.050483987310469683e-36 3.782241025151252397e+05
1.137843802848152764e-37 3.915496093465425074e+05
5.702506330713760709e-39 4.053445974488086649e+05
2.571858084650346594e-40 4.196256074808601988e+05
1.039950431328158802e-41 4.344097628584255581e+05
3.755710924595051004e-43 4.497147902855793945e+05
1.206580114350795894e-44 4.655590410096597043e+05
3.434111063306370155e-46 4.819615128250421258e+05
8.622104460288501013e-48 4.989418728521334706e+05
1.901228424707561562e-49 5.165204811189224711e+05
3.665144467047914557e-51 5.347184149733423255e+05
6.147908596859833147e-53 5.535574943557223305e+05
8.929239886088897753e-55 5.730603079616449540e+05
1.117245574708463591e-56 5.932502403265492758e+05
1.197977051952157882e-58 6.141514998645905871e+05
1.094844196422650987e-60 6.357891478953476762e+05
8.480377060574828478e-63 6.581891286931912182e+05
5.534851071674382646e-65 6.813783005953573156e+05
3.025550399669020221e-67 7.053844682060012128e+05
1.376568865726661303e-69 7.302364157348576700e+05
5.179388012139850988e-72 7.559639415104931686e+05
1.600806445076450097e-74 7.825978937095098663e+05
4.036171120841521428e-77 8.101702073445506394e+05
8.242427842342646942e-80 8.387139425554749323e+05
1.353225817898691073e-82 8.682633242495751474e+05
1.772458202053134441e-85 8.988537831384136807e+05
1.837451007118460555e-88 9.305219982204440748e+05
1.495241088163610040e-91 9.633059407603690634e+05
9.470173710450293385e-95 9.972449198179891100e+05
4.627229093984816872e-98 1.032379629381083068e+06
1.728344639079392105e-101 1.068752197158895433e+06
4.888504988900924996e-105 1.106406235094683710e+06
1.036820158265749629e-108 1.145386891657910775e+06
1.632329529763313443e-112 1.185740905978806317e+06
1.887684791396414269e-116 1.227516663890164113e+06
1.586163310760568318e-120 1.270764255943589378e+06
9.575828213872896568e-125 1.315535537469784496e+06
4.105403856722370633e-129 1.361884190754845273e+06
1.234949941084338002e-133 1.409865789407134056e+06
2.574157229976847385e-138 1.459537864991942188e+06
3.670289659959797273e-143 1.510959976013765670e+06
3.532114094030773292e-148 1.564193779328995384e+06
2.262679635867065833e-153 1.619303104074571747e+06
9.511265327959278038e-159 1.676354028201275272e+06
2.584841645701762339e-164 1.735414957703455817e+06
4.472356508405387310e-170 1.796556708640114637e+06
4.848830538151077490e-176 1.859852592045787023e+06
3.240287888389259737e-182 1.925378501832949929e+06
1.312115575116339492e-188 1.993213005791387986e+06
3.163279214720923516e-195 2.063437439793662401e+06
4.458049642172784771e-202 2.136136005319572520e+06
3.603957290078689255e-209 2.211395870416572783e+06
1.638844496864878607e-216 2.289307274217248429e+06
4.107860034493128732e-224 2.369963635139083024e+06
5.557756861344519007e-232 2.453461662896300200e+06
3.971500367641282727e-240 2.539901474458123092e+06
1.465593613802171751e-248 2.629386714092382230e+06
2.728758059944126082e-257 2.722024677638543770e+06
2.502311577656561203e-266 2.817926441159049515e+06
1.102316245365180820e-275 2.917206994123266544e+06
2.273219095015098436e-285 3.019985377283804584e+06
2.136649114230435194e-295 3.126384825410372112e+06
8.903470820571961660e-306 3.236532915052488912e+06
1.598287048261411492e-316 3.350561717508082744e+06
0.000000000000000000e+00 3.468607957181435078e+06
0.000000000000000000e+00 3.590813175520426128e+06
0.000000000000000000e+00 3.717323900729510002e+06
0.000000000000000000e+00 3.848291823461988010e+06
0.000000000000000000e+00 3.983873978702290915e+06
0.000000000000000000e+00 4.124232934056235477e+06
0.000000000000000000e+00 4.269536984675073996e+06
0.000000000000000000e+00 4.419960355047153309e+06
