2.807819886081075467e-02 1.082282874286105478e+00
3.074141488899574670e-02 1.120413622006629639e+00
3.364150179391337675e-02 1.159887783686914586e+00
3.679738815784808215e-02 1.200752690186571936e+00
4.022922821897751550e-02 1.243057339915456971e+00
4.395844258601715876e-02 1.286852457584418685e+00
4.800775463265124360e-02 1.332190555025952294e+00
5.240122154103053764e-02 1.379125994157673230e+00
5.716425886332911210e-02 1.427715052164093557e+00
6.232365737066094397e-02 1.478015988974882067e+00
6.790759086112745091e-02 1.530089117120494668e+00
7.394561350593245597e-02 1.583996874048944070e+00
8.046864522721494661e-02 1.639803896990427390e+00
8.750894352644121577e-02 1.697577100459546351e+00
9.510006012159689937e-02 1.757385756488088813e+00
1.032767807087808798e-01 1.819301577684549143e+00
1.120750461435710971e-01 1.883398803219970663e+00
1.215318533440299942e-01 1.949754287843238121e+00
1.316851342554513082e-01 2.018447594032528603e+00
1.425736112916706488e-01 2.089561087393419392e+00
1.542366277839721800e-01 2.163180035418055258e+00
1.667139521311705175e-01 2.239392709723751818e+00
1.800455545576722105e-01 2.318290491893666871e+00
1.942713556543198550e-01 2.399967983046426667e+00
2.094309462028356994e-01 2.484523117266065562e+00
2.255632781707445356e-01 2.572057279028324039e+00
2.427063272110132064e-01 2.662675424764076038e+00
2.608967275083386994e-01 2.756486208705645868e+00
2.801693803800144877e-01 2.853602113166935350e+00
3.005570386585860176e-01 2.954139583413515346e+00
3.220898695495699182e-01 3.058219167284463413e+00
3.447949993605993191e-01 3.165965659733320336e+00
3.686960442265022619e-01 3.277508252461458493e+00
3.938126316929047022e-01 3.392980688823327817e+00
4.201599187515415168e-01 3.512521424189275265e+00
4.477481126232626396e-01 3.636273791958227530e+00
4.765820012373579995e-01 3.764386175419317748e+00
5.066605009340522381e-01 3.897012185668462525e+00
5.379762293955987484e-01 4.034310845793288358e+00
5.705151121643271539e-01 4.176446781547226372e+00
6.042560313080896917e-01 4.323590418741353858e+00
6.391705248211787538e-01 4.475918187590737674e+00
6.752225451806272982e-01 4.633612734260253774e+00
7.123682850969479396e-01 4.796863139863524417e+00
7.505560778927042875e-01 4.965865147177616734e+00
7.897263791060821214e-01 5.140821395345243516e+00
8.298118348512752984e-01 5.321941662845990351e+00
8.707374411830300920e-01 5.509443119027843672e+00
9.124207972270962363e-01 5.703550584500583831e+00
9.547724531793363445e-01 5.904496800703341819e+00
9.976963524796942373e-01 6.112522708969486906e+00
1.041090365577579391e+00 6.327877739423445114e+00
1.084846910773664463e+00 6.550820110055923351e+00
1.128853655706490100e+00 6.781617136335991169e+00
1.172994291211125750e+00 7.020545551731432354e+00
1.217149367572677221e+00 7.267891839521579023e+00
1.261197181690184133e+00 7.523952576300448669e+00
1.305014702411735117e+00 7.789034787582171049e+00
1.348478520349006393e+00 8.063456315934995899e+00
1.391465807867110716e+00 8.347546202085309730e+00
1.433855274702023896e+00 8.641645079448668554e+00
1.475528104795194473e+00 8.946105582560777592e+00
1.516368860452653289e+00 9.261292769898281207e+00
1.556266340816240046e+00 9.587584561596306898e+00
1.595114382845990608e+00 9.925372192587479603e+00
1.632812594509009285e+00 1.027506068170590758e+01
1.669267011593611683e+00 1.063706931731851490e+01
1.704390671451825323e+00 1.101183216006600674e+01
1.738104098945634446e+00 1.139979856331635588e+01
1.770335701858812394e+00 1.180143371195467594e+01
1.801022074964465647e+00 1.221721918015572328e+01
1.830108213741612699e+00 1.264765350880768935e+01
1.857547640355320606e+00 1.309325280327962560e+01
1.883302445907910627e+00 1.355455135224929109e+01
1.907343254101776520e+00 1.403210226833342311e+01
1.929649112310046544e+00 1.452647815128855058e+01
1.950207316627089904e+00 1.503827177457752207e+01
1.969013177777495960e+00 1.556809679612499231e+01
1.986069734822933253e+00 1.611658849411411154e+01
2.001387423453509395e+00 1.668440452870665425e+01
2.014983705323301955e+00 1.727222573059984967e+01
2.026882664432357206e+00 1.788075691736548833e+01
2.037114576013868916e+00 1.851072773855010922e+01
2.045715452799791390e+00 1.916289355054960808e+01
2.052726572951048212e+00 1.983803632230717184e+01
2.058193993386472798e+00 2.053696557292055402e+01
2.062168051758239695e+00 2.126051934228297924e+01
2.064702859925192868e+00 2.200956519592142158e+01
2.065855791487535509e+00 2.278500126523710989e+01
2.065686965776547979e+00 2.358775732439554318e+01
2.064258730645306628e+00 2.441879590515728182e+01
2.061635146475816693e+00 2.527911345098621254e+01
2.057881473991975074e+00 2.616974151181908326e+01
2.053063668726615276e+00 2.709174798092884728e+01
2.047247885306573423e+00 2.804623837536496467e+01
2.040499995059358085e+00 2.903435716150589840e+01
2.032885120769940990e+00 3.005728912731311553e+01
2.024467192686859374e+00 3.111626080293204311e+01
2.015308530053397718e+00 3.221254193134335964e+01
2.005469452486439597e+00 3.334744699082796160e+01
1.995007925414054251e+00 3.452233677107100362e+01
1.983979243494280453e+00 3.573862000479488188e+01
1.972435755464884366e+00 3.699775505687761523e+01
1.960426633224697124e+00 3.830125167298186284e+01
1.947997687141353351e+00 3.965067278979120147e+01
1.935191228652136219e+00 4.104763640902417166e+01
1.922045980217480743e+00 4.249381753747331913e+01
1.908597031652607523e+00 4.399095019539525708e+01
1.894875840855880345e+00 4.554082949565972172e+01
1.880910276027257133e+00 4.714531379615078066e+01
1.866724695674614631e+00 4.880632692800111272e+01
1.852340062079874672e+00 5.052586050233080783e+01
1.837774083467385910e+00 5.230597629825668804e+01
1.823041379897684333e+00 5.414880873503540215e+01
1.808153667898850125e+00 5.605656743130457897e+01
1.793119959029604082e+00 5.803153985449062446e+01
1.777946767915656867e+00 6.007609406355977910e+01
1.762638325776413550e+00 6.219268154840110441e+01
1.747196796020489051e+00 6.438384016924612752e+01
1.731622489091275918e+00 6.665219719964947842e+01
1.715914074345232354e+00 6.900047247667895078e+01
1.700068787308930407e+00 7.143148166209242333e+01
1.684082631156527343e+00 7.394813961841190064e+01
1.667950571657615066e+00 7.655346390394272760e+01
1.651666725156530235e+00 7.925057839092835366e+01
1.635224539357980955e+00 8.204271701117899340e+01
1.618616966818427816e+00 8.493322763366582251e+01
1.601836631092472096e+00 8.792557607872952019e+01
1.584875985476986493e+00 9.102335027371644571e+01
1.567727464252907321e+00 9.423026455502518672e+01
1.550383626264971060e+00 9.755016412172201967e+01
1.532837290619977200e+00 1.009870296460652810e+02
1.515081664237971859e+00 1.045449820464663304e+02
1.497110460966499579e+00 1.082282874286105425e+02
1.478918011970576263e+00 1.120413622006628316e+02
1.460499367140189797e+00 1.159887783686913423e+02
1.441850387310274595e+00 1.200752690186571954e+02
1.422967827159532961e+00 1.243057339915457078e+02
1.403849408737809723e+00 1.286852457584418801e+02
1.384493885659615175e+00 1.332190555025952392e+02
1.364901098087351272e+00 1.379125994157673176e+02
1.345072018705910866e+00 1.427715052164093947e+02
1.325008789956239053e+00 1.478015988974880770e+02
1.304714752845935521e+00 1.530089117120492972e+02
1.284194467688353214e+00 1.583996874048943937e+02
1.263453727137164639e+00 1.639803896990427461e+02
1.242499561881559300e+00 1.697577100459546386e+02
1.221340239349054890e+00 1.757385756488088475e+02
1.199985255730249056e+00 1.819301577684548761e+02
1.178445321594830730e+00 1.883398803219970716e+02
1.156732341313486456e+00 1.949754287843236114e+02
1.134859386439028395e+00 2.018447594032526524e+02
1.112840663135362007e+00 2.089561087393419427e+02
1.090691473678447432e+00 2.163180035418055240e+02
1.068428171993067055e+00 2.239392709723751977e+02
1.046068113136731759e+00 2.318290491893666569e+02
1.023629596601360658e+00 2.399967983046426525e+02
1.001131803277968579e+00 2.484523117266065526e+02
9.785947259224822004e-01 2.572057279028321659e+02
9.560390929745119504e-01 2.662675424764073568e+02
9.334862856168412160e-01 2.756486208705646277e+02
9.109582480222107037e-01 2.853602113166935510e+02
8.884773908152643340e-01 2.954139583413515311e+02
8.660664878797760258e-01 3.058219167284463538e+02
8.437485667622030006e-01 3.165965659733320763e+02
8.215467930590527601e-01 3.277508252461458369e+02
7.994843493237356880e-01 3.392980688823324158e+02
7.775843091844407695e-01 3.512521424189271215e+02
7.558695075236696592e-01 3.636273791958227548e+02
7.343624077280664908e-01 3.764386175419318192e+02
7.130849671697706560e-01 3.897012185668461939e+02
6.920585022235600237e-01 4.034310845793287967e+02
6.713035542536942568e-01 4.176446781547226124e+02
6.508397581169376167e-01 4.323590418741354142e+02
6.306857148203026675e-01 4.475918187590733623e+02
6.108588700403833061e-01 4.633612734260249226e+02
5.913754002526484532e-01 4.796863139863524452e+02
5.722501082307064335e-01 4.965865147177616450e+02
5.534963296546641098e-01 5.140821395345243445e+02
5.351258525115683007e-01 5.321941662845989640e+02
5.171488508773361970e-01 5.509443119027843068e+02
4.995738345366940725e-01 5.703550584500583227e+02
4.824076157242229712e-01 5.904496800703336703e+02
4.656552940552930453e-01 6.112522708969479481e+02
4.493202604610491147e-01 6.327877739423445291e+02
4.334042206485353987e-01 6.550820110055922214e+02
4.179072382787875073e-01 6.781617136335991063e+02
4.028277976970557339e-01 7.020545551731431715e+02
3.881628856666552441e-01 7.267891839521579413e+02
3.739080911593767875e-01 7.523952576300448527e+02
3.600577218504750765e-01 7.789034787582163517e+02
3.466049355661159348e-01 8.063456315934987515e+02
3.335418845478899663e-01 8.347546202085310370e+02
3.208598700456055663e-01 8.641645079448669549e+02
3.085495044393498087e-01 8.946105582560777520e+02
2.966008778378846356e-01 9.261292769898279857e+02
2.850037259151515512e-01 9.587584561596307822e+02
2.737475956409970435e-01 9.925372192587479958e+02
2.628220055450655179e-01 1.027506068170589742e+03
2.522165972304785120e-01 1.063706931731850318e+03
2.419212750294756631e-01 1.101183216006600787e+03
2.319263309660887784e-01 1.139979856331635574e+03
2.222225525566814963e-01 1.180143371195467580e+03
2.128013114291982533e-01 1.221721918015571873e+03
2.036546312636522416e-01 1.264765350880768892e+03
1.947752341334346438e-01 1.309325280327962446e+03
1.861565649399369304e-01 1.355455135224927744e+03
1.777927942598208078e-01 1.403210226833341721e+03
1.696788005416022260e-01 1.452647815128855200e+03
1.618101331722155145e-01 1.503827177457752214e+03
1.541829584618951421e-01 1.556809679612499167e+03
1.467939910460606123e-01 1.611658849411410301e+03
1.396404135581756356e-01 1.668440452870665467e+03
1.327197876742546023e-01 1.727222573059985280e+03
1.260299597593427801e-01 1.788075691736547014e+03
1.195689643560626236e-01 1.851072773855009928e+03
1.133349286480872103e-01 1.916289355054960652e+03
1.073259808156762779e-01 1.983803632230717085e+03
1.015401648897766157e-01 2.053696557292055786e+03
9.597536432334990986e-02 2.126051934228296886e+03
9.062923605433614860e-02 2.200956519592142286e+03
8.549915635646614109e-02 2.278500126523711515e+03
8.058217928475316927e-02 2.358775732439552030e+03
7.587500804365676643e-02 2.441879590515726704e+03
7.137397915699426887e-02 2.527911345098621496e+03
6.707505891579140789e-02 2.616974151181908383e+03
6.297385123556027697e-02 2.709174798092884885e+03
5.906561577576388555e-02 2.804623837536495103e+03
5.534529496500801421e-02 2.903435716150589542e+03
5.180754843534403353e-02 3.005728912731311539e+03
4.844679329414534885e-02 3.111626080293201085e+03
4.525724864594734415e-02 3.221254193134334400e+03
4.223298281126154630e-02 3.334744699082796160e+03
3.936796176568881089e-02 3.452233677107099993e+03
3.665609743156567069e-02 3.573862000479488415e+03
3.409129458729674711e-02 3.699775505687759505e+03
3.166749530886412561e-02 3.830125167298187080e+03
2.937872001737918889e-02 3.965067278979120147e+03
2.721910437085442447e-02 4.104763640902412590e+03
2.518293140373629307e-02 4.249381753747330549e+03
2.326465848125480046e-02 4.399095019539526220e+03
2.145893879516348052e-02 4.554082949565971830e+03
1.976063728129988026e-02 4.714531379615078549e+03
1.816484098612995701e-02 4.880632692800108998e+03
1.666686404763186372e-02 5.052586050233080641e+03
1.526224758398364058e-02 5.230597629825669173e+03
1.394675489983446086e-02 5.414880873503535440e+03
1.271636252258414278e-02 5.605656743130454743e+03
1.156724766808536406e-02 5.803153985449062930e+03
1.049577280453750823e-02 6.007609406355977626e+03
9.498468033227106325e-03 6.219268154840110583e+03
8.572012033641216930e-03 6.438384016924609568e+03
7.713212327245446559e-03 6.665219719964948126e+03
6.918985598373412343e-03 6.900047247667895135e+03
6.186338772418541881e-03 7.143148166209233750e+03
5.512351491846616790e-03 7.394813961841185119e+03
4.894160551276108793e-03 7.655346390394273840e+03
4.328946756647086315e-03 7.925057839092834911e+03
3.813924563726585164e-03 8.204271701117897464e+03
3.346334731934364100e-03 8.493322763366577419e+03
2.923440105269991748e-03 8.792557607872951849e+03
2.542524507819780150e-03 9.102335027371645992e+03
2.200894621818727265e-03 9.423026455502509634e+03
1.895884606249105412e-03 9.755016412172197306e+03
1.624863117747512090e-03 1.009870296460652753e+04
1.385242316778253656e-03 1.045449820464663389e+04
1.174488383371711337e-03 1.082282874286105471e+04
9.901330299845868908e-04 1.120413622006628248e+04
8.297854849050875304e-04 1.159887783686912189e+04
6.911444277036638082e-04 1.200752690186571999e+04
5.720093870901359371e-04 1.243057339915455850e+04
4.702911588350873495e-04 1.286852457584418698e+04
3.840208640483219857e-04 1.332190555025952199e+04
3.113573424267753104e-04 1.379125994157671812e+04
2.505926571037136747e-04 1.427715052164093686e+04
2.001555733520377599e-04 1.478015988974880565e+04
1.586129586223237521e-04 1.530089117120494484e+04
1.246691325263335167e-04 1.583996874048944301e+04
9.716326915535749816e-05 1.639803896990425710e+04
7.506501787198363790e-05 1.697577100459546637e+04
5.746856041624074307e-05 1.757385756488088737e+04
4.358536051693992687e-05 1.819301577684547010e+04
3.273588661440726889e-05 1.883398803219970432e+04
2.434059890292389100e-05 1.949754287843236307e+04
1.791048946250591243e-05 2.018447594032524285e+04
1.303745011256863734e-05 2.089561087393419075e+04
9.384718591687661482e-06 2.163180035418053012e+04
6.677621894745222376e-06 2.239392709723751977e+04
4.694798428396131204e-06 2.318290491893666695e+04
3.260040481171813763e-06 2.399967983046423979e+04
2.234857663291061519e-06 2.484523117266065674e+04
1.511822556156825770e-06 2.572057279028321864e+04
1.008723602848281513e-06 2.662675424764075797e+04
6.635186472490328387e-07 2.756486208705645913e+04
4.300564226426884906e-07 2.853602113166932031e+04
2.745131766129325432e-07 2.954139583413515356e+04
1.724775433146437564e-07 3.058219167284463401e+04
1.066084067681574124e-07 3.165965659733317079e+04
6.478721236315800212e-08 3.277508252461458324e+04
3.868714444910289763e-08 3.392980688823324454e+04
2.268585036330407177e-08 3.512521424189268146e+04
1.305498785733380684e-08 3.636273791958227230e+04
7.367889948952316057e-09 3.764386175419313804e+04
4.075277001948963967e-09 3.897012185668462189e+04
2.207547657615759636e-09 4.034310845793288172e+04
1.170261019568932654e-09 4.176446781547222781e+04
6.066589214837100379e-10 4.323590418741353642e+04
3.072935870430575060e-10 4.475918187590733578e+04
1.519690936215975952e-10 4.633612734260254365e+04
7.331338122951353633e-11 4.796863139863524702e+04
3.447131427754101009e-11 4.965865147177611652e+04
1.578287413616309331e-11 5.140821395345243218e+04
7.030095148546035123e-12 5.321941662845989777e+04
3.043421045453806237e-12 5.509443119027837383e+04
1.279241776462592572e-12 5.703550584500582772e+04
5.215328367981039514e-13 5.904496800703336339e+04
2.060069545944994149e-13 6.112522708969473751e+04
7.875345507790707793e-14 6.327877739423445746e+04
2.910342686035479359e-14 6.550820110055916302e+04
1.038453483561343783e-14 6.781617136335991381e+04
3.573236283153568043e-15 7.020545551731431624e+04
1.184166169104833946e-15 7.267891839521570364e+04
3.774545583250570659e-16 7.523952576300449437e+04
1.155639646117905285e-16 7.789034787582163699e+04
3.393669690277219910e-17 8.063456315934997110e+04
9.544826012722606805e-18 8.347546202085309778e+04
2.567185332864585678e-18 8.641645079448660545e+04
6.592549013096135006e-19 8.946105582560776384e+04
1.613795631108213451e-19 9.261292769898280676e+04
3.759324991360594796e-20 9.587584561596298590e+04
8.319145142993234150e-21 9.925372192587480822e+04
1.745700031007952730e-21 1.027506068170589715e+05
3.467125407643757051e-22 1.063706931731849327e+05
6.504842302913667070e-23 1.101183216006600560e+05
1.150535193697843239e-23 1.139979856331634510e+05
1.914506650961823383e-24 1.180143371195467626e+05
2.990706729490523180e-25 1.221721918015571864e+05
4.376067302200701671e-26 1.264765350880767655e+05
5.983930656035081430e-27 1.309325280327962391e+05
7.628610198555869931e-28 1.355455135224927508e+05
9.044572069084333105e-29 1.403210226833343040e+05
9.947271605547077893e-30 1.452647815128855000e+05
1.012147454947822051e-30 1.503827177457750659e+05
9.502053329131473032e-32 1.556809679612499312e+05
8.207163504400797087e-33 1.611658849411410338e+05
6.502724158707468728e-34 1.668440452870664012e+05
4.711985538525989723e-35 1.727222573059985298e+05
3.112806811210256150e-36 1.788075691736546869e+05
1.868637531358009212e-37 1.851072773855007836e+05
1.015916173346820771e-38 1.916289355054960761e+05
4.984644727800422615e-40 1.983803632230715011e+05
2.199298971698416641e-41 2.053696557292055513e+05
8.693265565533595965e-43 2.126051934228296741e+05
3.066534612747489197e-44 2.200956519592139812e+05
9.614736907235371073e-46 2.278500126523711078e+05
2.668385356023928471e-47 2.358775732439552085e+05
6.527017532791167944e-49 2.441879590515729506e+05
1.400889284412651094e-50 2.527911345098621387e+05
2.626124365938610155e-52 2.616974151181905763e+05
4.279355529348491719e-54 2.709174798092885176e+05
6.031832268282530357e-56 2.804623837536495412e+05
7.316588389753411194e-58 2.903435716150586377e+05
7.597294356339984089e-60 3.005728912731311284e+05
6.716171578845687058e-62 3.111626080293201376e+05
5.026143111364443136e-64 3.221254193134331144e+05
3.165549768914422261e-66 3.334744699082795996e+05
1.667730428526255291e-68 3.452233677107096883e+05
7.303536159894211822e-71 3.573862000479488634e+05
2.641454331143421867e-73 3.699775505687759724e+05
7.836604900029838598e-76 3.830125167298183078e+05
1.893899382196563928e-78 3.965067278979120310e+05
3.701624509618698911e-81 4.104763640902413172e+05
5.807459504466615487e-84 4.249381753747334587e+05
7.257312234207904807e-87 4.399095019539525965e+05
7.166055523668410227e-90 4.554082949565967428e+05
5.544923775536971608e-93 4.714531379615078331e+05
3.333430366111245882e-96 4.880632692800108925e+05
1.543140594931458325e-99 5.052586050233075512e+05
5.450542689247254972e-103 5.230597629825668992e+05
1.454973591567509330e-106 5.414880873503534822e+05
2.906476012008828073e-110 5.605656743130449904e+05
4.300696840891022454e-114 5.803153985449062893e+05
4.664222697142606881e-118 6.007609406355972169e+05
3.667196706556099924e-122 6.219268154840109637e+05
2.066722867242104623e-126 6.438384016924609896e+05
8.251418927478560083e-131 6.665219719964941032e+05
2.305680505824671709e-135 6.900047247667895863e+05
4.452804631356140810e-140 7.143148166209234623e+05
5.866508868932901185e-145 7.394813961841193959e+05
5.202185212312082132e-150 7.655346390394272748e+05
3.061922010539525532e-155 7.925057839092826471e+05
1.179053461452177905e-160 8.204271701117898338e+05
2.926252562048348266e-166 8.493322763366576983e+05
4.609015849972166939e-172 8.792557607872943627e+05
4.533828029549561122e-178 9.102335027371644974e+05
2.739552091615972684e-184 9.423026455502508907e+05
9.995286014006451625e-191 9.755016412172187120e+05
2.163180655805243360e-197 1.009870296460652840e+06
2.726346509971768595e-204 1.045449820464662160e+06
1.963302694877131676e-211 1.082282874286105391e+06
