6.541126936744314779e-01 1.114860846215357065e+09
6.533694998358917649e-01 1.154139373743170261e+09
6.526016895810079488e-01 1.194801753551732779e+09
6.518085012381137355e-01 1.236896741214520216e+09
6.509891558538691836e-01 1.280474810050451040e+09
6.501428559747504110e-01 1.325588211643103838e+09
6.492687850235864255e-01 1.372291038492141247e+09
6.483661069746674555e-01 1.420639288872057199e+09
6.474339661846959526e-01 1.470690933976001501e+09
6.464714873144037366e-01 1.522505987425213099e+09
6.454777753134177676e-01 1.576146577227386475e+09
6.444519154587208254e-01 1.631677020270261049e+09
6.433929734451937499e-01 1.689163899439758539e+09
6.422999955303769770e-01 1.748676143455112934e+09
6.411720087372891896e-01 1.810285109516750574e+09
6.400080211199897784e-01 1.874064668865997553e+09
6.388070220970955004e-01 1.940091295359198570e+09
6.375679828588705078e-01 2.008444157162470579e+09
6.362898568538607469e-01 2.079205211677020311e+09
6.349715803614237597e-01 2.152459303808847427e+09
6.336120731568509745e-01 2.228294267700675011e+09
6.322102392761704825e-01 2.306801032048054695e+09
6.307649678881072086e-01 2.388073729125966549e+09
6.292751342810609660e-01 2.472209807656616688e+09
6.277396009733980931e-01 2.559310149653748989e+09
6.261572189557362833e-01 2.649479191383615494e+09
6.245268290743601902e-01 2.742825048587598324e+09
6.228472635653073963e-01 2.839459646116651535e+09
6.211173477491169770e-01 2.939498852133008480e+09
6.193359018966632101e-01 3.043062617040022373e+09
6.175017432769156489e-01 3.150275117306780815e+09
6.156136883979247409e-01 3.261264904359915733e+09
6.136705554527224216e-01 3.376165058721106529e+09
6.116711669822618713e-01 3.495113349575158119e+09
6.096143527678948848e-01 3.618252399959924221e+09
6.074989529662676579e-01 3.745729857776166439e+09
6.053238214998541977e-01 3.877698572822414398e+09
6.030878297166649693e-01 4.014316780067039967e+09
6.007898703329234147e-01 4.155748289377362251e+09
5.984288616727477805e-01 4.302162681933256149e+09
5.960037522190171355e-01 4.453735513560715675e+09
5.935135254897228041e-01 4.610648525229260445e+09
5.909572052541042231e-01 4.773089860965529442e+09
5.883338611028295917e-01 4.941254293444342613e+09
5.856426143862962785e-01 5.115343457527775764e+09
5.828826445348533891e-01 5.295566092032164574e+09
5.800531957743512157e-01 5.482138290013054848e+09
5.771535842498568547e-01 5.675283757868118286e+09
5.741832055696806103e-01 5.875234083568690300e+09
5.711415427809580780e-01 6.082229014341621399e+09
5.680281747869712072e-01 6.296516744134343147e+09
5.648427852150499362e-01 6.518354211207822800e+09
5.615851717424217293e-01 6.748007406214285851e+09
5.582552558855113922e-01 6.985751691128993034e+09
5.548530932561767104e-01 7.231872129418622017e+09
5.513788842859363992e-01 7.486663827842054367e+09
5.478329854165651103e-01 7.750432290293353081e+09
5.442159207523401543e-01 8.023493784111330986e+09
5.405283941657917923e-01 8.306175719294816971e+09
5.367713018449520312e-01 8.598817041078348160e+09
5.329457452658156180e-01 8.901768636339036942e+09
5.290530445689959338e-01 9.215393754321813583e+09
5.250947523143547624e-01 9.540068442187601089e+09
5.210726675816788056e-01 9.876181995906665802e+09
5.169888503792688939e-01 1.022413742703764534e+10
5.128456363155579067e-01 1.058435194595211792e+10
5.086456514816052321e-01 1.095725746208398056e+10
5.043918274844809702e-01 1.134330110180352974e+10
5.000874165631912227e-01 1.174294574453717422e+10
4.957360067098928735e-01 1.215667057777553177e+10
4.913415367097050401e-01 1.258497167163551712e+10
4.869083110025021477e-01 1.302836257366526985e+10
4.824410142596806117e-01 1.348737492460506821e+10
4.779447255580634435e-01 1.396255909584261894e+10
4.734249320219376944e-01 1.445448484932703781e+10
4.688875417927607647e-01 1.496374202073278046e+10
4.643388961743936671e-01 1.549094122669261551e+10
4.597857807899973781e-01 1.603671459694769669e+10
4.552354355749968495e-01 1.660171653229255676e+10
4.506955634190133453e-01 1.718662448922392273e+10
4.461743372584982548e-01 1.779213979223400497e+10
4.416804054111911348e-01 1.841898847472237778e+10
4.372228949336866011e-01 1.906792214953464890e+10
4.328114127745602002e-01 1.973971891017181396e+10
4.284560444879357277e-01 2.043518426375075531e+10
4.241673502664053408e-01 2.115515209683458328e+10
4.199563580480508707e-01 2.190048567529094696e+10
4.158345534504361285e-01 2.267207867937714386e+10
4.118138662850464038e-01 2.347085627529303741e+10
4.079066534092191110e-01 2.429777622448673630e+10
4.041256776794460714e-01 2.515383003204307556e+10
4.004840827804357350e-01 2.604004413553189087e+10
3.969953637188741724e-01 2.695748113574150085e+10
3.936733327897678492e-01 2.790724107077306366e+10
3.905320808469297522e-01 2.889046273502363968e+10
3.875859337378945169e-01 2.990832504463933563e+10
3.848494037975643267e-01 3.096204845107577515e+10
3.823371363344097440e-01 3.205289640446075439e+10
3.800638510881595988e-01 3.318217686851388168e+10
3.780442786887035500e-01 3.435124388883949280e+10
3.762930922022505453e-01 3.556149921647324371e+10
3.748248339124792272e-01 3.681439398862918091e+10
3.736538375511049281e-01 3.811143046866247559e+10
3.727941462634573599e-01 3.945416384733430481e+10
3.722594266696595544e-01 4.084420410753824615e+10
3.720628794598829225e-01 4.228321795472439575e+10
3.722171470419353700e-01 4.377293081533581543e+10
3.727342188397587130e-01 4.531512890565343475e+10
3.736253349208676355e-01 4.691166137352996826e+10
3.749008887076264451e-01 4.856444251558087158e+10
3.765703295997096522e-01 5.027545407249103546e+10
3.786420664011254655e-01 5.204674760518916321e+10
3.811233725026221264e-01 5.388044695473889923e+10
3.840202938169933189e-01 5.577875078889632416e+10
3.873375604984527487e-01 5.774393523838721466e+10
3.910785034956886785e-01 5.977835662606513214e+10
3.952449769893442433e-01 6.188445429222245789e+10
3.998372877465892206e-01 6.406475351944208527e+10
4.048541323865766373e-01 6.632186856049704742e+10
4.102925434896912416e-01 6.865850577292835999e+10
4.161478453998719296e-01 7.107746686405950928e+10
4.224136204628076152e-01 7.358165225033856201e+10
4.290816863140111126e-01 7.617406453503601074e+10
4.361420846809643259e-01 7.885781210846798706e+10
4.435830819948785586e-01 8.163611287506184387e+10
4.513911819230559952e-01 8.451229811173251343e+10
4.595511497363246045e-01 8.748981646219683838e+10
4.680460482221885932e-01 9.057223807201435852e+10
4.768572846487090788e-01 9.376325886931311035e+10
4.859646680828342280e-01 9.706670499633261108e+10
4.953464761765914437e-01 1.004865373970984650e+11
5.049795303620939757e-01 1.040268565667288055e+11
5.148392782487344332e-01 1.076919074680668945e+11
5.248998818998577010e-01 1.114860846215357056e+11
5.351343105877724993e-01 1.154139373743169098e+11
5.455144365903784598e-01 1.194801753551731720e+11
5.560111326038753576e-01 1.236896741214520111e+11
5.665943694064559111e-01 1.280474810050451050e+11
5.772333125180547642e-01 1.325588211643103943e+11
5.878964167597662271e-01 1.372291038492141266e+11
5.985515178197929886e-01 1.420639288872057190e+11
6.091659201749676233e-01 1.470690933976001892e+11
6.197064809901517979e-01 1.522505987425211487e+11
6.301396899123620221e-01 1.576146577227384949e+11
6.404317449810297269e-01 1.631677020270260925e+11
6.505486251779913909e-01 1.689163899439758606e+11
6.604561604276329989e-01 1.748676143455113220e+11
6.701201001162551130e-01 1.810285109516750183e+11
6.795061814179632620e-01 1.874064668865997314e+11
6.885801988814435060e-01 1.940091295359198608e+11
6.973080768389547934e-01 2.008444157162468567e+11
7.056559462393726667e-01 2.079205211677018433e+11
7.135902274775286491e-01 2.152459303808847656e+11
7.210777206918964621e-01 2.228294267700674744e+11
7.280857048343133409e-01 2.306801032048054810e+11
7.345820465843662106e-01 2.388073729125966492e+11
7.405353198952323579e-01 2.472209807656616516e+11
7.459149366272136428e-01 2.559310149653749390e+11
7.506912883614468290e-01 2.649479191383612976e+11
7.548358991016448361e-01 2.742825048587595520e+11
7.583215881786963264e-01 2.839459646116651611e+11
7.611226422835202232e-01 2.939498852133008423e+11
7.632149951787251529e-01 3.043062617040022583e+11
7.645764132889856235e-01 3.150275117306781006e+11
7.651866850515999241e-01 3.261264904359915771e+11
7.650278116287769770e-01 3.376165058721106567e+11
7.640841963465638820e-01 3.495113349575154419e+11
7.623428300353504161e-01 3.618252399959920044e+11
7.597934693059009703e-01 3.745729857776166382e+11
7.564288047044658292e-01 3.877698572822414551e+11
7.522446156518539651e-01 4.014316780067039185e+11
7.472399090854551229e-01 4.155748289377362061e+11
7.414170387910510307e-01 4.302162681933256226e+11
7.347818025339398762e-01 4.453735513560715942e+11
7.273435142774293816e-01 4.610648525229255981e+11
7.191150490119762040e-01 4.773089860965524292e+11
7.101128580105416921e-01 4.941254293444343262e+11
7.003569526746166174e-01 5.115343457527775879e+11
6.898708555393321395e-01 5.295566092032165527e+11
6.786815174619754698e-01 5.482138290013054810e+11
6.668192005212884022e-01 5.675283757868118896e+11
6.543173266982826863e-01 5.875234083568688965e+11
6.412122929840295971e-01 6.082229014341614990e+11
6.275432541549730292e-01 6.296516744134337158e+11
6.133518750587798607e-01 6.518354211207823486e+11
5.986820548488668292e-01 6.748007406214284668e+11
5.835796261776158289e-01 6.985751691128992920e+11
5.680920328900512795e-01 7.231872129418621826e+11
5.522679902344705960e-01 7.486663827842054443e+11
5.361571320077826996e-01 7.750432290293353271e+11
5.198096493658632689e-01 8.023493784111323242e+11
5.032759262400505751e-01 8.306175719294809570e+11
4.866061763996087919e-01 8.598817041078347168e+11
4.698500871797495204e-01 8.901768636339038086e+11
4.530564747529722824e-01 9.215393754321813965e+11
4.362729555597439912e-01 9.540068442187598877e+11
4.195456381394936374e-01 9.876181995906666260e+11
4.029188391257489954e-01 1.022413742703764648e+12
3.864348266056706893e-01 1.058435194595210693e+12
3.701335934138766937e-01 1.095725746208397095e+12
3.540526622558908820e-01 1.134330110180353027e+12
3.382269238624769914e-01 1.174294574453717285e+12
3.226885086879852649e-01 1.215667057777552979e+12
3.074666920084173083e-01 1.258497167163551025e+12
2.925878316710447957e-01 1.302836257366526855e+12
2.780753372165835069e-01 1.348737492460506592e+12
2.639496686520388380e-01 1.396255909584260498e+12
2.502283628070228749e-01 1.445448484932703125e+12
2.369260849621397103e-01 1.496374202073277832e+12
2.240547032924630477e-01 1.549094122669261719e+12
2.116233836139408131e-01 1.603671459694769775e+12
1.996387019423993547e-01 1.660171653229254883e+12
1.881047724565412249e-01 1.718662448922392090e+12
1.770233885783050742e-01 1.779213979223400879e+12
1.663941750257948438e-01 1.841898847472236084e+12
1.562147488363054837e-01 1.906792214953463867e+12
1.464808874829078289e-01 1.973971891017181641e+12
1.371867023047524670e-01 2.043518426375075684e+12
1.283248155308946148e-01 2.115515209683458496e+12
1.198865391977484429e-01 2.190048567529093750e+12
1.118620542446641941e-01 2.267207867937714355e+12
1.042405880292101850e-01 2.347085627529304199e+12
9.701058844641322065e-02 2.429777622448671387e+12
9.015989278040220656e-02 2.515383003204306152e+12
8.367588937994070719e-02 2.604004413553189453e+12
7.754567024834563282e-02 2.695748113574149902e+12
7.175617268857320541e-02 2.790724107077306641e+12
6.629430825775262104e-02 2.889046273502362305e+12
6.114707746968539581e-02 2.990832504463933594e+12
5.630166894108021292e-02 3.096204845107577148e+12
5.174554200422542410e-02 3.205289640446072266e+12
4.746649219663381936e-02 3.318217686851386719e+12
4.345269947311170000e-02 3.435124388883949219e+12
3.969275944980941301e-02 3.556149921647324707e+12
3.617569846223407659e-02 3.681439398862917969e+12
3.289097367745390244e-02 3.811143046866245605e+12
2.982845992215215139e-02 3.945416384733431152e+12
2.697842525143311770e-02 4.084420410753824219e+12
2.433149756961487664e-02 4.228321795472435059e+12
2.187862480879929419e-02 4.377293081533579590e+12
1.961103126367062799e-02 4.531512890565343750e+12
1.752017266706864390e-02 4.691166137352997070e+12
1.559769247145185653e-02 4.856444251558086914e+12
1.383538158309517013e-02 5.027545407249100586e+12
1.222514349068797197e-02 5.204674760518916016e+12
1.075896635430481814e-02 5.388044695473890625e+12
9.428903194349422603e-03 5.577875078889626953e+12
8.227060865056682118e-03 5.774393523838717773e+12
7.145598036335633688e-03 5.977835662606513672e+12
6.176731963464844773e-03 6.188445429222245117e+12
5.312753416882724442e-03 6.406475351944208984e+12
4.546048791547786967e-03 6.632186856049701172e+12
3.869128130742701278e-03 6.865850577292835938e+12
3.274657592019089396e-03 7.107746686405950195e+12
2.755494757831979721e-03 7.358165225033848633e+12
2.304725150337364609e-03 7.617406453503595703e+12
1.915698344656169456e-03 7.885781210846798828e+12
1.582062179878458447e-03 8.163611287506183594e+12
1.297793731584588909e-03 8.451229811173250977e+12
1.057225921093533005e-03 8.748981646219678711e+12
8.550688812864674741e-04 9.057223807201437500e+12
6.864254626628555657e-04 9.376325886931310547e+12
5.468005326567019044e-04 9.706670499633251953e+12
4.321039835968288017e-04 1.004865373970984375e+13
3.386476089693357043e-04 1.040268565667288086e+13
2.631362246210739342e-04 1.076919074680669141e+13
2.026535940952157435e-04 1.114860846215357031e+13
1.546438604700823020e-04 1.154139373743168945e+13
1.168892881481471598e-04 1.194801753551730469e+13
8.748517642830865558e-05 1.236896741214520117e+13
6.481282381410089595e-05 1.280474810050449805e+13
4.751140108590550204e-05 1.325588211643103906e+13
3.444953694410710521e-05 1.372291038492141211e+13
2.469733845332268090e-05 1.420639288872055859e+13
1.749946634043672192e-05 1.470690933976001562e+13
1.224976957948723441e-05 1.522505987425211523e+13
8.467861777730882288e-06 1.576146577227386523e+13
5.777900384754532608e-06 1.631677020270261133e+13
3.889714630121639994e-06 1.689163899439756836e+13
2.582324241408548538e-06 1.748676143455113281e+13
1.689802029886297535e-06 1.810285109516750391e+13
1.089361627887886333e-06 1.874064668865995703e+13
6.914979505683208254e-07 1.940091295359198438e+13
4.319720347062472200e-07 2.008444157162468750e+13
2.654124388603465005e-07 2.079205211677016406e+13
1.603002435799407288e-07 2.152459303808847266e+13
9.511122773509779477e-08 2.228294267700672656e+13
5.540414603262914964e-08 2.306801032048054688e+13
3.166534427567416159e-08 2.388073729125966406e+13
1.774460431217808286e-08 2.472209807656613672e+13
9.742872127425349119e-09 2.559310149653749219e+13
5.237620888952149508e-09 2.649479191383613281e+13
2.754763300040528877e-09 2.742825048587598438e+13
1.416456031460495715e-09 2.839459646116651562e+13
7.114495518876114963e-10 2.939498852133005469e+13
3.487777270111051545e-10 3.043062617040022656e+13
1.667422975344931559e-10 3.150275117306780859e+13
7.766957541619151331e-11 3.261264904359912109e+13
3.521813541493704513e-11 3.376165058721106641e+13
1.553031324331906752e-11 3.495113349575154688e+13
6.653744812132440832e-12 3.618252399959917188e+13
2.766831765403575246e-12 3.745729857776166406e+13
1.115509109214947368e-12 3.877698572822410938e+13
4.355762725542497467e-13 4.014316780067039844e+13
1.645380462205132646e-13 4.155748289377362500e+13
6.005823125721803928e-14 4.302162681933252344e+13
2.115719115341600195e-14 4.453735513560715625e+13
7.184217175525486608e-15 4.610648525229256250e+13
2.348412721073923422e-15 4.773089860965529688e+13
7.380073184885358248e-16 4.941254293444343750e+13
2.226565187009278610e-16 5.115343457527770312e+13
6.439833729738230887e-17 5.295566092032164844e+13
1.782922214063467621e-17 5.482138290013054688e+13
4.717803925021213052e-18 5.675283757868112500e+13
1.191255215885611793e-18 5.875234083568689844e+13
2.865566391161850134e-19 6.082229014341614844e+13
6.555637201376976644e-20 6.296516744134330469e+13
1.423803407135031418e-20 6.518354211207823438e+13
2.930357912314643254e-21 6.748007406214278125e+13
5.704317100224492311e-22 6.985751691128992969e+13
1.048206453012323183e-22 7.231872129418621875e+13
1.814545983771556090e-23 7.486663827842045312e+13
2.952934605267987034e-24 7.750432290293353125e+13
4.507740703346923920e-25 8.023493784111323438e+13
6.440276366683993011e-26 8.306175719294817188e+13
8.591664588637756245e-27 8.598817041078346875e+13
1.067648781013936270e-27 8.901768636339028125e+13
1.232741122211857354e-28 9.215393754321812500e+13
1.319117789370511704e-29 9.540068442187600000e+13
1.304667130733970455e-30 9.876181995906656250e+13
1.189366071145715081e-31 1.022413742703764688e+14
9.965149848775660889e-33 1.058435194595210625e+14
7.650915906319496890e-34 1.095725746208395938e+14
5.366210222026164289e-35 1.134330110180352812e+14
3.427384708482588941e-36 1.174294574453716250e+14
1.986856285202666547e-37 1.215667057777552969e+14
1.041826789433609178e-38 1.258497167163551094e+14
4.923963726195083850e-40 1.302836257366525625e+14
2.089946317874837942e-41 1.348737492460506719e+14
7.936172314715597775e-43 1.396255909584260312e+14
2.685588459690560357e-44 1.445448484932704375e+14
8.065977108015576901e-46 1.496374202073277812e+14
2.141106499811258350e-47 1.549094122669260312e+14
5.001423339160999573e-49 1.603671459694769688e+14
1.023450275620943670e-50 1.660171653229254688e+14
1.826133240997901106e-52 1.718662448922390625e+14
2.827445278793311387e-54 1.779213979223400938e+14
3.779910960397637982e-56 1.841898847472235938e+14
4.340578957693798934e-58 1.906792214953461875e+14
4.258595931849782722e-60 1.973971891017181562e+14
3.550012603475572629e-62 2.043518426375073438e+14
2.500029915063088701e-64 2.115515209683458438e+14
1.478535321261053326e-66 2.190048567529093750e+14
7.298234388443102908e-69 2.267207867937712188e+14
2.987705633151042516e-71 2.347085627529303750e+14
1.007693719381094010e-73 2.429777622448671250e+14
2.781160300467118788e-76 2.515383003204309062e+14
6.236799235431573292e-79 2.604004413553189375e+14
1.128130191773656310e-81 2.695748113574147500e+14
1.633540559378272842e-84 2.790724107077306562e+14
1.878752326596343864e-87 2.889046273502362500e+14
1.702369294086930879e-90 2.990832504463930625e+14
1.205130894900143084e-93 3.096204845107577500e+14
6.607449917569610943e-97 3.205289640446072500e+14
2.780626814379879159e-100 3.318217686851383125e+14
8.898419820186151514e-104 3.435124388883949375e+14
2.144638093170632039e-107 3.556149921647320625e+14
3.854144767362023311e-111 3.681439398862917500e+14
5.111448879848679524e-115 3.811143046866246250e+14
4.949403894781483471e-119 3.945416384733426875e+14
3.460522950125852940e-123 4.084420410753824375e+14
1.727142046228138461e-127 4.228321795472435625e+14
6.080703739705926241e-132 4.377293081533584375e+14
1.491692649427627149e-136 4.531512890565343750e+14
2.517541839252305738e-141 4.691166137352991875e+14
2.884850112960023046e-146 4.856444251558086875e+14
2.214087443293312559e-151 5.027545407249101250e+14
1.122169007404874723e-156 5.204674760518911250e+14
3.701388815997548789e-162 5.388044695473890625e+14
7.826027100866599372e-168 5.577875078889626875e+14
1.044200463160282472e-173 5.774393523838712500e+14
8.650640752690453770e-180 5.977835662606513750e+14
4.375647478665293871e-186 6.188445429222240000e+14
1.328057578265470061e-192 6.406475351944208750e+14
2.375510300375485923e-199 6.632186856049701250e+14
2.457943711551236816e-206 6.865850577292828750e+14
1.443066935585374709e-213 7.107746686405951250e+14
4.712268086529135537e-221 7.358165225033848750e+14
8.383520667440204416e-229 7.617406453503603750e+14
7.953962633678578876e-237 7.885781210846798750e+14
3.936240725647281207e-245 8.163611287506175000e+14
9.930295508894083958e-254 8.451229811173251250e+14
1.247141341421810796e-262 8.748981646219678750e+14
7.607982473671031020e-272 9.057223807201428750e+14
2.197733265422561327e-281 9.376325886931311250e+14
2.928155748119690420e-291 9.706670499633251250e+14
1.751000057731137982e-301 1.004865373970983250e+15
5.508139753366728415e-312 1.040268565667288125e+15
0.000000000000000000e+00 1.076919074680667875e+15
0.000000000000000000e+00 1.114860846215356875e+15
