1.035208455108980557e-04 4.641776560603073420e+00
1.243169678764363803e-04 4.805314592306796584e+00
1.491232916949132613e-04 4.974614359299659228e+00
1.786703044650746208e-04 5.149878857748335648e+00
2.138109861486580277e-04 5.331318235734973321e+00
2.555388412996426137e-04 5.519150045231850044e+00
3.050080143723651188e-04 5.713599502953580433e+00
3.635556019090234892e-04 5.914899760399621620e+00
4.327262514020640194e-04 6.123292183410801393e+00
5.142991042255550156e-04 6.339026641575174814e+00
6.103170979343068006e-04 6.562361807830136229e+00
7.231185906301944083e-04 6.793565468620037962e+00
8.553712061415338084e-04 7.032914844981264402e+00
1.010107723011973097e-03 7.280696924939610959e+00
1.190763742632161342e-03 7.537208807618695161e+00
1.401216772848409885e-03 7.802758059471908147e+00
1.645826253878042694e-03 8.077663083064988925e+00
1.929473935428679737e-03 8.362253498851535127e+00
2.257603889973428240e-03 8.656870540399108194e+00
2.636261320989981977e-03 8.961867463539855194e+00
3.072129200866656473e-03 9.277609969936271739e+00
3.572561656927461787e-03 9.604476645569853588e+00
4.145612921713893485e-03 9.942859414678574481e+00
4.800060582546607398e-03 1.029316400968736822e+01
5.545421812930997722e-03 1.065581045769501678e+01
6.391961252424103145e-03 1.103123358410095101e+01
7.350689229538773933e-03 1.141988353397563749e+01
8.433349100832461878e-03 1.182222631179978833e+01
9.652392614015754130e-03 1.223874434021960589e+01
1.102094239702139031e-02 1.266993703848782005e+01
1.255274092942492391e-02 1.311632142128437728e+01
1.426208566531210475e-02 1.357843271863461787e+01
1.616375034151323539e-02 1.405682501766816728e+01
1.827289291284081921e-02 1.455207192698825480e+01
2.060495099256421173e-02 1.506476726444789982e+01
2.317552612478028171e-02 1.559552576915764099e+01
2.600025865496888300e-02 1.614498383857866770e+01
2.909469537311096948e-02 1.671380029158487091e+01
3.247415245627924274e-02 1.730265715840908669e+01
3.615357651114309290e-02 1.791226049842055090e+01
4.014740668967092807e-02 1.854334124671392914e+01
4.446944090594290300e-02 1.919665609052537647e+01
4.913270910607130115e-02 1.987298837652622296e+01
5.414935633165312429e-02 2.057314905008215078e+01
5.953053797299936306e-02 2.129797762760433955e+01
6.528632914319323910e-02 2.204834320315798379e+01
7.142564953825034091e-02 2.282514549053565034e+01
7.795620451044066312e-02 2.362931590204471632e+01
8.488444240573206345e-02 2.446181866530220006e+01
9.221552754093993720e-02 2.532365197937648915e+01
9.995332756177348343e-02 2.621584921166189375e+01
1.081004133680853463e-01 2.713948013692117200e+01
1.166580693515592848e-01 2.809565221998191831e+01
1.256263113907706008e-01 2.908551194362428660e+01
1.350039099066085435e-01 3.011024618325285473e+01
1.447884153041987532e-01 3.117108363000060223e+01
1.549761833110493980e-01 3.226929626397110695e+01
1.655623980495581349e-01 3.340620087938596328e+01
1.765410911299714614e-01 3.458316066346573336e+01
1.879051555847782162e-01 3.580158683093766570e+01
1.996463540497453171e-01 3.706294031613015250e+01
2.117553211912635014e-01 3.836873352468239773e+01
2.242215609463168169e-01 3.972053214697019285e+01
2.370334396461012960e-01 4.111995703542195457e+01
2.501781765092477294e-01 4.256868614797554784e+01
2.636418332954865718e-01 4.406845656000697176e+01
2.774093050935771965e-01 4.562106654714263243e+01
2.914643142754073657e-01 4.722837774145283873e+01
3.057894095860538841e-01 4.889231736361199410e+01
3.203659721692697082e-01 5.061488053370134566e+01
3.351742300666998298e-01 5.239813266342579823e+01
3.501932823986615984e-01 5.424421193261272123e+01
3.654011340583051548e-01 5.615533185296204266e+01
3.807747413541603398e-01 5.813378392212187862e+01
3.962900686423058705e-01 6.018194037127203444e+01
4.119221556209934909e-01 6.230225700950974499e+01
4.276451946365911749e-01 6.449727616844808153e+01
4.434326170859259064e-01 6.676962975055784000e+01
4.592571878075188407e-01 6.912204238490784292e+01
4.750911062396463436e-01 7.155733469408791336e+01
4.909061130881278157e-01 7.407842667623089028e+01
5.066736012882867568e-01 7.668834120618953420e+01
5.223647301558606015e-01 7.939020766006601093e+01
5.379505417890948493e-01 8.218726566744024353e+01
5.534020789936373586e-01 8.508286899579559304e+01
5.686905042355596684e-01 8.808048957179987326e+01
5.837872193669599863e-01 9.118372164426325810e+01
5.986639860938431923e-01 9.439628609376475765e+01
6.132930473493388712e-01 9.772203489411418786e+01
6.276472498809286815e-01 1.011649557309994520e+02
6.417001684456532518e-01 1.047291767833571043e+02
6.554262320240353823e-01 1.084189716731990103e+02
6.688008524077828643e-01 1.122387645898302821e+02
6.818005553897535931e-01 1.161931355946021256e+02
6.944031145925524395e-01 1.202868261125610445e+02
7.065876877246586307e-01 1.245247446175784631e+02
7.183349547629125365e-01 1.289119725177774853e+02
7.296272572426263370e-01 1.334537702483133614e+02
7.404487375074908506e-01 1.381555835788141735e+02
7.507854764463004482e-01 1.430230501430433492e+02
7.606256279369579820e-01 1.480620061986138580e+02
7.699595479422841615e-01 1.532784936248590952e+02
7.787799159670645288e-01 1.586787671672512374e+02
7.870818463985058688e-01 1.642693019370535978e+02
7.948629871179174744e-01 1.700568011751987854e+02
8.021236026926581442e-01 1.760482042897015731e+02
8.088666394355972233e-01 1.822506951762451592e+02
8.150977696548505902e-01 1.886717108319159308e+02
8.208254125095943987e-01 1.953189502724151509e+02
8.260607290383051859e-01 2.022003837634399872e+02
8.308175891344092845e-01 2.093242623773028015e+02
8.351125085117215852e-01 2.166991278862470267e+02
8.389645540291513770e-01 2.243338230043217720e+02
8.423952161315896303e-01 2.322375019900960638e+02
8.454282476115430045e-01 2.404196416229255249e+02
8.480894684025772623e-01 2.488900525659328480e+02
8.504065366777018298e-01 2.576588911293255819e+02
8.524086871378138142e-01 2.667366714481566419e+02
8.541264380290145564e-01 2.761342780891290545e+02
8.555912691116648316e-01 2.858629791015613932e+02
8.568352735045388080e-01 2.959344395281610787e+02
8.578907870275020997e-01 3.063607353918060880e+02
8.587899993469438886e-01 3.171543681751064128e+02
8.595645518690514519e-01 3.283282798101066078e+02
8.602451279056460010e-01 3.398958681961012189e+02
8.608610411342146884e-01 3.518710032641702128e+02
8.614398287677210719e-01 3.642680436076975070e+02
8.620068561222834491e-01 3.771018536988122491e+02
8.625849394064214470e-01 3.903878217113950768e+02
8.631939935425300137e-01 4.041418779720202110e+02
8.638507116622160531e-01 4.183805140609581485e+02
8.645682825897703649e-01 4.331208025861409965e+02
8.653561521452051153e-01 4.483804176537976787e+02
8.662198334681010525e-01 4.641776560603073563e+02
8.671607707991654257e-01 4.805314592306791610e+02
8.681762602756524227e-01 4.974614359299654325e+02
8.692594303212072271e-01 5.149878857748335577e+02
8.703992831648240669e-01 5.331318235734973996e+02
8.715807979337044653e-01 5.519150045231850754e+02
8.727850946579182034e-01 5.713599502953580895e+02
8.739896574273073870e-01 5.914899760399621300e+02
8.751686138778811408e-01 6.123292183410802636e+02
8.762930671781901104e-01 6.339026641575169378e+02
8.773314757548242859e-01 6.562361807830128555e+02
8.782500751553159457e-01 6.793565468620038246e+02
8.790133357077866139e-01 7.032914844981264650e+02
8.795844490072928235e-01 7.280696924939611563e+02
8.799258357437784728e-01 7.537208807618694664e+02
8.799996669882305111e-01 7.802758059471907472e+02
8.797683907731996822e-01 8.077663083064988996e+02
8.791952556420773446e-01 8.362253498851526956e+02
8.782448227997428081e-01 8.656870540399100946e+02
8.768834585778427781e-01 8.961867463539855407e+02
8.750797991350394156e-01 9.277609969936270318e+02
8.728051796513303096e-01 9.604476645569853872e+02
8.700340207521324309e-01 9.942859414678574694e+02
8.667441655181232774e-01 1.029316400968736616e+03
8.629171612052829454e-01 1.065581045769501770e+03
8.585384807174800681e-01 1.103123358410094170e+03
8.535976799378861557e-01 1.141988353397562605e+03
8.480884882259542845e-01 1.182222631179979089e+03
8.420088307066280198e-01 1.223874434021960496e+03
8.353607823928331788e-01 1.266993703848781934e+03
8.281504556579564191e-01 1.311632142128437636e+03
8.203878240712145775e-01 1.357843271863461950e+03
8.120864870787198875e-01 1.405682501766816813e+03
8.032633814057222876e-01 1.455207192698823974e+03
7.939384463184949725e-01 1.506476726444788255e+03
7.841342509666526794e-01 1.559552576915764121e+03
7.738755928819831542e-01 1.614498383857866656e+03
7.631890772994972538e-01 1.671380029158486877e+03
7.521026872620673043e-01 1.730265715840908797e+03
7.406453544561297786e-01 1.791226049842054863e+03
7.288465404008703796e-01 1.854334124671392829e+03
7.167358369900929116e-01 1.919665609052535956e+03
7.043425944917875992e-01 1.987298837652620250e+03
6.916955839852390042e-01 2.057314905008215192e+03
6.788226999098661008e-01 2.129797762760433670e+03
6.657507069720187687e-01 2.204834320315798323e+03
6.525050341678221288e-01 2.282514549053564679e+03
6.391096171944952165e-01 2.362931590204471377e+03
6.255867890986404056e-01 2.446181866530219850e+03
6.119572177004752866e-01 2.532365197937646371e+03
5.982398871811652752e-01 2.621584921166186632e+03
5.844521202582477759e-01 2.713948013692117456e+03
5.706096366211859117e-01 2.809565221998191646e+03
5.567266427625147118e-01 2.908551194362428305e+03
5.428159480152634497e-01 3.011024618325285246e+03
5.288891014798420276e-01 3.117108363000060308e+03
5.149565445709233247e-01 3.226929626397110496e+03
5.010277741092202808e-01 3.340620087938592860e+03
4.871115111938932873e-01 3.458316066346570096e+03
4.732158714876469885e-01 3.580158683093766740e+03
4.593485329991061628e-01 3.706294031613015250e+03
4.455168979298090304e-01 3.836873352468239773e+03
4.317282456443046756e-01 3.972053214697019030e+03
4.179898743043060083e-01 4.111995703542195770e+03
4.043092291691792739e-01 4.256868614797554983e+03
3.906940159969003457e-01 4.406845656000692543e+03
3.771522983772637727e-01 4.562106654714258184e+03
3.636925781904261634e-01 4.722837774145284129e+03
3.503238587086398015e-01 4.889231736361199182e+03
3.370556901483369172e-01 5.061488053370134367e+03
3.238981977352889952e-01 5.239813266342577663e+03
3.108620925695185222e-01 5.424421193261271583e+03
2.979586657713386155e-01 5.615533185296203555e+03
2.851997665577707952e-01 5.813378392212182007e+03
2.725977650423802578e-01 6.018194037127200318e+03
2.601655006741095399e-01 6.230225700950973987e+03
2.479162173351267817e-01 6.449727616844808836e+03
2.358634862073751559e-01 6.676962975055784227e+03
2.240211175957709244e-01 6.912204238490780881e+03
2.124030629661265712e-01 7.155733469408791279e+03
2.010233085208220916e-01 7.407842667623090165e+03
1.898957616972899720e-01 7.668834120618946145e+03
1.790341320351086507e-01 7.939020766006597114e+03
1.684518079174065208e-01 8.218726566744024240e+03
1.581617307508491332e-01 8.508286899579559758e+03
1.481762682041473100e-01 8.808048957179988065e+03
1.385070881751750138e-01 9.118372164426322342e+03
1.291650351980815903e-01 9.439628609376475652e+03
1.201600110303068097e-01 9.772203489411420378e+03
1.115008611709501357e-01 1.011649557309993543e+04
1.031952690523799954e-01 1.047291767833570520e+04
9.524965961243446466e-02 1.084189716731990120e+04
8.766911389176590408e-02 1.122387645898302799e+04
8.045729620733847731e-02 1.161931355946021358e+04
7.361639532714144007e-02 1.202868261125609752e+04
6.714708091222550135e-02 1.245247446175784717e+04
6.104847630059403313e-02 1.289119725177774671e+04
5.531814848465930329e-02 1.334537702483132307e+04
4.995211588231135424e-02 1.381555835788140939e+04
4.494487422441990898e-02 1.430230501430433287e+04
4.028944058299532838e-02 1.480620061986138535e+04
3.597741524932150659e-02 1.532784936248590930e+04
3.199906084597541750e-02 1.586787671672511351e+04
2.834339772740837593e-02 1.642693019370536058e+04
2.499831439804479569e-02 1.700568011751987433e+04
2.195069136266280738e-02 1.760482042897013889e+04
1.918653652971654897e-02 1.822506951762450990e+04
1.669113002311810659e-02 1.886717108319159524e+04
1.444917603079929128e-02 1.953189502724151680e+04
1.244495913786490549e-02 2.022003837634400043e+04
1.066250246643993781e-02 2.093242623773026935e+04
9.085724880464650724e-03 2.166991278862470062e+04
7.698594517248600298e-03 2.243338230043217845e+04
6.485275982134590216e-03 2.322375019900958432e+04
5.430268689376909971e-03 2.404196416229254100e+04
4.518534049842215690e-03 2.488900525659328559e+04
3.735609490062673146e-03 2.576588911293255660e+04
3.067707630237480505e-03 2.667366714481566305e+04
2.501799340886461716e-03 2.761342780891288930e+04
2.025679826367295187e-03 2.858629791015614319e+04
1.628017333653120806e-03 2.959344395281610923e+04
1.298384540446170972e-03 3.063607353918057197e+04
1.027273120992219704e-03 3.171543681751062104e+04
8.060924041139479320e-04 3.283282798101066146e+04
6.271534102859084147e-04 3.398958681961012189e+04
4.836398692176394434e-04 3.518710032641701400e+04
3.695680652746879133e-04 3.642680436076973274e+04
2.797375273786511748e-04 3.771018536988123378e+04
2.096746688217616440e-04 3.903878217113950814e+04
1.555714907764191432e-04 4.041418779720197927e+04
1.142213952410154698e-04 4.183805140609580121e+04
8.295401650233963451e-05 4.331208025861409988e+04
5.957078582281662214e-05 4.483804176537977037e+04
4.228270527844902482e-05 4.641776560603073449e+04
2.965153826092997957e-05 4.805314592306791019e+04
2.053534138592721332e-05 4.974614359299649368e+04
1.403898019235616540e-05 5.149878857748335577e+04
9.470002444129839921e-06 5.331318235734968766e+04
6.299999269834458347e-06 5.519150045231849799e+04
4.131374312272637823e-06 5.713599502953580668e+04
2.669270029325138280e-06 5.914899760399615479e+04
1.698270774783074100e-06 6.123292183410801226e+04
1.063413940331794045e-06 6.339026641575168469e+04
6.549904694618524681e-07 6.562361807830135513e+04
3.965997838517754828e-07 6.793565468620038882e+04
2.359356553951250625e-07 7.032914844981257920e+04
1.378122559814081486e-07 7.280696924939611927e+04
7.898693915120449485e-08 7.537208807618694846e+04
4.439213779397028908e-08 7.802758059471900924e+04
2.444781837260033369e-08 8.077663083064988314e+04
1.318398825798989092e-08 8.362253498851526820e+04
6.956720872311834041e-09 8.656870540399091260e+04
3.589058360031936353e-09 8.961867463539855089e+04
1.808964325261752475e-09 9.277609969936260313e+04
8.900127965253794198e-10 9.604476645569854008e+04
4.270806780803789275e-10 9.942859414678574831e+04
1.997048740938801157e-10 1.029316400968735543e+05
9.091523117916175125e-11 1.065581045769501798e+05
4.025724954299168205e-11 1.103123358410094079e+05
1.732155241004397194e-11 1.141988353397563769e+05
7.234785009543723196e-12 1.182222631179978926e+05
2.930258443881333286e-12 1.223874434021959169e+05
1.149627266903496652e-12 1.266993703848782025e+05
4.364070856161559723e-13 1.311632142128437699e+05
1.601053139142578215e-13 1.357843271863460541e+05
5.669917670080089643e-14 1.405682501766816713e+05
1.935816793097993163e-14 1.455207192698823928e+05
6.363684545052506649e-15 1.506476726444786764e+05
2.011548938497115759e-15 1.559552576915764075e+05
6.105628868076162688e-16 1.614498383857865119e+05
1.776998988650429649e-16 1.671380029158486868e+05
4.951744233684808315e-17 1.730265715840908815e+05
1.319101138137151608e-17 1.791226049842053326e+05
3.353961176035945920e-18 1.854334124671392783e+05
8.126151654728992689e-19 1.919665609052536020e+05
1.872925739322107355e-19 1.987298837652622606e+05
4.099215164311457758e-20 2.057314905008215283e+05
8.504215293862201894e-21 2.129797762760431797e+05
1.669176005987086142e-21 2.204834320315798104e+05
3.093545442354842371e-22 2.282514549053564842e+05
5.402808804662695807e-23 2.362931590204468812e+05
8.873250823499846068e-24 2.446181866530219850e+05
1.367430589888004250e-24 2.532365197937646299e+05
1.972937689787308088e-25 2.621584921166183776e+05
2.658880721841951945e-26 2.713948013692117529e+05
3.339012861191466025e-27 2.809565221998188645e+05
3.897540646180010883e-28 2.908551194362428505e+05
4.217917168628163035e-29 3.011024618325285264e+05
4.220679501420603174e-30 3.117108363000056706e+05
3.894439351225573875e-31 3.226929626397110405e+05
3.304036459198148331e-32 3.340620087938592769e+05
2.569788541972202028e-33 3.458316066346574225e+05
1.826723061541490089e-34 3.580158683093766449e+05
1.183025321148967599e-35 3.706294031613011030e+05
6.957225952168691886e-37 3.836873352468239609e+05
3.702741853032815406e-38 3.972053214697019430e+05
1.777168291678680694e-39 4.111995703542191186e+05
7.664259328381136832e-41 4.256868614797554910e+05
2.958770973899553052e-42 4.406845656000692397e+05
1.018491399292686503e-43 4.562106654714253964e+05
3.113535838208406680e-45 4.722837774145283620e+05
8.417530097065990242e-47 4.889231736361195217e+05
2.003870373285255647e-48 5.061488053370134439e+05
4.181790759771551113e-50 5.239813266342577408e+05
7.614610885924458293e-52 5.424421193261266453e+05
1.204037179435716661e-53 5.615533185296204174e+05
1.645051036448970103e-55 5.813378392212181352e+05
1.932104443332957978e-57 6.018194037127206102e+05
1.940346328420477467e-59 6.230225700950974133e+05
1.657026624570479126e-61 6.449727616844802396e+05
1.196467863278852096e-63 6.676962975055783754e+05
7.261498673467231736e-66 6.912204238490780117e+05
3.681688587144786923e-68 7.155733469408784295e+05
1.549571595077291943e-70 7.407842667623090092e+05
5.378625936371662540e-73 7.668834120618945453e+05
1.529244980853312299e-75 7.939020766006588237e+05
3.536517728332017109e-78 8.218726566744024167e+05
6.604001054667868265e-81 8.508286899579550372e+05
9.883233607175585159e-84 8.808048957179987337e+05
1.176154729702502830e-86 9.118372164426321397e+05
1.104070569507859582e-89 9.439628609376465902e+05
8.107111503690846742e-93 9.772203489411418559e+05
4.616517318210947828e-96 1.011649557309993543e+06
2.020465663265828707e-99 1.047291767833571532e+06
6.733638092009475053e-103 1.084189716731990222e+06
1.692544424157203494e-106 1.122387645898301620e+06
3.176919544800117982e-110 1.161931355946021155e+06
4.407374459554079027e-114 1.202868261125609744e+06
4.471318578584919394e-118 1.245247446175783174e+06
3.280836380728416394e-122 1.289119725177774671e+06
1.721351163358323472e-126 1.334537702483132482e+06
6.382022436622475724e-131 1.381555835788139608e+06
1.651727148552342059e-135 1.430230501430433476e+06
2.946520222183129085e-140 1.480620061986137182e+06
3.575838666780916890e-145 1.532784936248590937e+06
2.912389180700913208e-150 1.586787671672511613e+06
1.569718824667015156e-155 1.642693019370534457e+06
5.517956409812686587e-161 1.700568011751987739e+06
1.246174964606827541e-166 1.760482042897014180e+06
1.780139972636896629e-172 1.822506951762452954e+06
1.582687428608712607e-178 1.886717108319159364e+06
8.612844342156223989e-185 1.953189502724149497e+06
2.819664539402467373e-191 2.022003837634399999e+06
5.454714332815707586e-198 2.093242623773027211e+06
6.120976037428380753e-205 2.166991278862467967e+06
3.908500927537806274e-212 2.243338230043218005e+06
1.392239045428682403e-219 2.322375019900958519e+06
2.710195933332288568e-227 2.404196416229251772e+06
2.822444769334230085e-235 2.488900525659328327e+06
1.538214707314029470e-243 2.576588911293253303e+06
4.288119344278001198e-252 2.667366714481566101e+06
5.971971545292726149e-261 2.761342780891289003e+06
4.054625372988564849e-270 2.858629791015611030e+06
1.308497606225819981e-279 2.959344395281611476e+06
1.955258045342482549e-289 3.063607353918057401e+06
1.316627708206197541e-299 3.171543681751065422e+06
3.884663423827459476e-310 3.283282798101065680e+06
0.000000000000000000e+00 3.398958681961008348e+06
0.000000000000000000e+00 3.518710032641701400e+06
0.000000000000000000e+00 3.642680436076973099e+06
0.000000000000000000e+00 3.771018536988119129e+06
0.000000000000000000e+00 3.903878217113951221e+06
0.000000000000000000e+00 4.041418779720197897e+06
0.000000000000000000e+00 4.183805140609575436e+06
0.000000000000000000e+00 4.331208025861409493e+06
0.000000000000000000e+00 4.483804176537971944e+06
0.000000000000000000e+00 4.641776560603073798e+06
