4.112096527089330496e-03 2.339706888348053404e+00
4.648336494878232451e-03 2.422138917181938300e+00
5.248926702990249459e-03 2.507475172785214479e+00
5.920623661255168535e-03 2.595817976224671142e+00
6.670734475299044258e-03 2.687273253520002569e+00
7.507136543804852034e-03 2.781950662652686646e+00
8.438293755484388078e-03 2.879963725049633716e+00
9.473268390363774258e-03 2.981429961699238351e+00
1.062172787947745882e-02 3.086471034063017260e+00
1.189394553810116037e-02 3.195212889951841273e+00
1.330079436290818214e-02 3.307785914541633066e+00
1.485373297684609330e-02 3.424325086709614219e+00
1.656478282025461435e-02 3.544970140878575204e+00
1.844649572631162915e-02 3.669865734563168669e+00
2.051191108658118739e-02 3.799161621819191037e+00
2.277450191087036432e-02 3.933012832803786996e+00
2.524810921717352691e-02 4.071579859661849987e+00
2.794686435351455972e-02 4.215028848961565267e+00
3.088509905432239647e-02 4.363531800909779435e+00
3.407724326898237815e-02 4.517266775586081806e+00
3.753771106692058157e-02 4.676418106442901568e+00
4.128077521833313501e-02 4.841176621327547558e+00
4.532043136704005243e-02 5.011739871291285731e+00
4.967025304456759022e-02 5.188312367459770869e+00
5.434323911375280730e-02 5.371105826248793846e+00
5.935165556538240378e-02 5.560339423219477162e+00
6.470687391086710205e-02 5.756240055877198891e+00
7.041920870504793373e-02 5.959042615729401859e+00
7.649775698250195488e-02 6.168990269928505299e+00
8.295024258491348612e-02 6.386334752837533379e+00
8.978286848348894511e-02 6.611336667868188854e+00
9.700018024742684819e-02 6.844265799953198837e+00
1.046049437677859240e-01 7.085401439027569026e+00
1.125980402087710525e-01 7.335032714906722262e+00
1.209783809219085599e-01 7.593458943962954955e+00
1.297428447232207016e-01 7.860989988015914420e+00
1.388862395035843356e-01 8.137946625867472861e+00
1.484012896270759385e-01 8.424660937926347515e+00
1.582786499844145434e-01 8.721476704383807288e+00
1.685069469260647712e-01 9.028749817417816459e+00
1.790728456233531829e-01 9.346848707919779287e+00
1.899611427199581482e-01 9.676154787255724088e+00
2.011548824665022883e-01 1.001706290459146409e+01
2.126354939044428904e-01 1.036998182033013549e+01
2.243829461084988763e-01 1.073533469622984349e+01
2.363759180341752364e-01 1.111355960278889832e+01
2.485919791701327874e-01 1.150511004450725672e+01
2.610077769815427051e-01 1.191045550365382866e+01
2.735992270620990485e-01 1.233008200319159542e+01
2.863417019946171704e-01 1.276449268953567717e+01
2.992102151519168141e-01 1.321420843584295213e+01
3.121795960425315930e-01 1.367976846655663437e+01
3.252246543041766302e-01 1.416173100395474549e+01
3.383203300498454635e-01 1.466067393747747616e+01
3.514418289489203429e-01 1.517719551663629041e+01
3.645647411463692200e-01 1.571191506833543450e+01
3.776651438517660830e-01 1.626547373946582553e+01
3.907196881295649793e-01 1.683853526566200287e+01
4.037056710573742602e-01 1.743178676714364883e+01
4.166010949567665045e-01 1.804593957259605475e+01
4.293847158135206121e-01 1.868173007207741065e+01
4.420360832699659626e-01 1.933992059997538959e+01
4.545355746783408812e-01 2.002130034907198208e+01
4.668644256473659104e-01 2.072668631681250773e+01
4.790047593011066973e-01 2.145692428491315340e+01
4.909396161159542138e-01 2.221288983348204482e+01
5.026529857336624607e-01 2.299548939086946930e+01
5.141298415987927140e-01 2.380566132050624262e+01
5.253561786760864161e-01 2.464437704603337309e+01
5.363190539086023501e-01 2.551264221607186755e+01
5.470066285223542657e-01 2.641149791002960256e+01
5.574082108062307084e-01 2.734202188639093123e+01
5.675142976299146769e-01 2.830532987498561326e+01
5.773166127322917340e-01 2.930257691478675142e+01
5.868081397330069393e-01 3.033495873884174188e+01
5.959831478945372130e-01 3.140371320799680888e+01
6.048372088837085103e-01 3.251012179513413258e+01
6.133672031323369467e-01 3.365551112170133052e+01
6.215713148493157147e-01 3.484125454837558067e+01
6.294490152569314212e-01 3.606877382176976710e+01
6.370010341741627613e-01 3.733954077915485215e+01
6.442293206088488544e-01 3.865507911324272072e+01
6.511369935107857998e-01 4.001696619914545749e+01
6.577282842442745414e-01 4.142683498570167444e+01
6.640084726341282106e-01 4.288637595343760722e+01
6.699838186040610877e-01 4.439733914151054961e+01
6.756614914514768033e-01 4.596153624606524346e+01
6.810494986884378932e-01 4.758084279251912818e+01
6.861566161357892657e-01 4.925720038438086590e+01
6.909923206057394518e-01 5.099261903129887230e+01
6.955667260749104353e-01 5.278917955913109950e+01
6.998905237679405866e-01 5.464903610492591213e+01
7.039749260770765682e-01 5.657441869980551985e+01
7.078316137725203516e-01 5.856763594284886665e+01
7.114726855460977717e-01 6.063107776918037928e+01
7.149106086071974620e-01 6.276721831558330678e+01
7.181581688382028261e-01 6.497861888707370781e+01
7.212284189318395322e-01 6.726793102799196333e+01
7.241346229807935631e-01 6.963789970129452911e+01
7.268901961665111822e-01 7.209136657985776253e+01
7.295086384863274098e-01 7.463127345374006438e+01
7.320034618446559227e-01 7.726066575748794207e+01
7.343881102875772227e-01 7.998269622171541471e+01
7.366758736492240445e-01 8.280062865333519539e+01
7.388797953698863497e-01 8.571784184897383341e+01
7.410125757074752517e-01 8.873783364626338255e+01
7.430864719672929386e-01 9.186422511786764744e+01
7.451131976959370906e-01 9.510076491327126291e+01
7.471038230069828590e-01 9.845133375353751148e+01
7.490686783188804654e-01 1.019199490844245304e+02
7.510172637875405233e-01 1.055107698934392175e+02
7.529581666121758499e-01 1.092281016966045684e+02
7.548989881944566660e-01 1.130764017009192912e+02
7.568462828536502984e-01 1.170602841487002905e+02
7.588055094630472563e-01 1.211845258502158629e+02
7.607809969958138074e-01 1.254540719112434317e+02
7.627759245713020553e-01 1.298740416624191596e+02
7.647923161939393921e-01 1.344497347974889294e+02
7.668310499914771095e-01 1.391866377278212497e+02
7.688918813996321600e-01 1.440904301608007074e+02
7.709734794144165182e-01 1.491669919099898038e+02
7.730734747469019119e-01 1.544224099452248993e+02
7.751885184702503873e-01 1.598629856910996807e+02
7.773143495462340180e-01 1.654952425825873092e+02
7.794458694579097235e-01 1.713259338868602981e+02
7.815772220564888295e-01 1.773620508006867453e+02
7.837018766543486503e-01 1.836108308331127716e+02
7.858127123643907641e-01 1.900797664834816771e+02
7.879021017015805928e-01 1.967766142251948622e+02
7.899619915293312200e-01 2.037094038059863692e+02
7.919839795551839590e-01 2.108864478758631549e+02
7.939593847598934717e-01 2.183163519542549125e+02
7.958793103820567261e-01 2.260080247483235212e+02
7.977346983742018560e-01 2.339706888348053440e+02
7.995163745890432327e-01 2.422138917181935653e+02
8.012150843351217855e-01 2.507475172785212010e+02
8.028215183438442981e-01 2.595817976224671497e+02
8.043263295957990833e-01 2.687273253520002640e+02
8.057201418419979166e-01 2.781950662652686788e+02
8.069935510033806603e-01 2.879963725049634036e+02
8.081371209191874350e-01 2.981429961699238902e+02
8.091413751246017139e-01 3.086471034063017669e+02
8.099967864583204058e-01 3.195212889951837951e+02
8.106937663257633986e-01 3.307785914541629495e+02
8.112226553744972257e-01 3.424325086709613970e+02
8.115737171829704444e-01 3.544970140878575648e+02
8.117371363355271319e-01 3.669865734563169326e+02
8.117030219740728469e-01 3.799161621819190486e+02
8.114614176006461621e-01 3.933012832803786978e+02
8.110023175771513548e-01 4.071579859661850378e+02
8.103156904490727008e-01 4.215028848961561039e+02
8.093915089267834650e-01 4.363531800909775029e+02
8.082197861046453990e-01 4.517266775586081735e+02
8.067906172933071440e-01 4.676418106442901603e+02
8.050942266884386633e-01 4.841176621327547878e+02
8.031210179990329046e-01 5.011739871291285908e+02
8.008616281061136100e-01 5.188312367459769803e+02
7.983069828112067112e-01 5.371105826248793846e+02
7.954483537547525351e-01 5.560339423219471655e+02
7.922774156287308855e-01 5.756240055877193527e+02
7.887863028666551868e-01 5.959042615729402996e+02
7.849676650604887618e-01 6.168990269928505086e+02
7.808147204223597759e-01 6.386334752837533415e+02
7.763213066755253466e-01 6.611336667868189352e+02
7.714819288219917359e-01 6.844265799953199121e+02
7.662918032933021539e-01 7.085401439027568813e+02
7.607468980472521514e-01 7.335032714906714091e+02
7.548439682285658092e-01 7.593458943962946250e+02
7.485805870680565244e-01 7.860989988015913923e+02
7.419551717547797631e-01 8.137946625867472221e+02
7.349670040811089322e-01 8.424660937926346378e+02
7.276162457328562150e-01 8.721476704383807146e+02
7.199039481761499992e-01 9.028749817417815393e+02
7.118320571795887508e-01 9.346848707919780281e+02
7.034034121031599307e-01 9.676154787255715064e+02
6.946217401827550209e-01 1.001706290459145407e+03
6.854916461382798420e-01 1.036998182033013563e+03
6.760185975312672513e-01 1.073533469622984285e+03
6.662089063910253683e-01 1.111355960278890052e+03
6.560697077128619936e-01 1.150511004450725522e+03
6.456089355039272837e-01 1.191045550365382951e+03
6.348352971078697893e-01 1.233008200319159414e+03
6.237582465751835281e-01 1.276449268953566389e+03
6.123879578587160255e-01 1.321420843584293607e+03
6.007352986007266082e-01 1.367976846655663621e+03
5.888118052373021438e-01 1.416173100395474421e+03
5.766296600769968972e-01 1.466067393747747474e+03
5.642016709133542696e-01 1.517719551663628863e+03
5.515412536066790494e-01 1.571191506833543372e+03
5.386624179214921648e-01 1.626547373946582638e+03
5.255797567359149491e-01 1.683853526566198525e+03
5.123084385524439011e-01 1.743178676714363291e+03
4.988642030417083650e-01 1.804593957259605531e+03
4.852633591481579356e-01 1.868173007207741193e+03
4.715227850862342973e-01 1.933992059997538945e+03
4.576599293646391176e-01 2.002130034907198024e+03
4.436928118022547274e-01 2.072668631681250645e+03
4.296400233492166931e-01 2.145692428491315695e+03
4.155207234072391675e-01 2.221288983348202237e+03
4.013546332604472355e-01 2.299548939086944756e+03
3.871620241865501577e-01 2.380566132050624219e+03
3.729636988218482663e-01 2.464437704603337352e+03
3.587809644047121882e-01 2.551264221607186300e+03
3.446355966216432254e-01 2.641149791002959319e+03
3.305497929273373270e-01 2.734202188639093038e+03
3.165461144033181462e-01 2.830532987498560942e+03
3.026474154553077112e-01 2.930257691478672314e+03
2.888767609229084821e-01 3.033495873884172852e+03
2.752573304805175924e-01 3.140371320799680689e+03
2.618123105387335503e-01 3.251012179513413685e+03
2.485647742029926943e-01 3.365551112170132910e+03
2.355375502020763123e-01 3.484125454837555935e+03
2.227530820540691014e-01 3.606877382176976425e+03
2.102332790814585017e-01 3.733954077915485868e+03
1.979993612100569289e-01 3.865507911324268662e+03
1.860716997780280102e-01 4.001696619914543589e+03
1.744696568312916751e-01 4.142683498570168013e+03
1.632114255803349123e-01 4.288637595343760950e+03
1.523138748322573066e-01 4.439733914151054705e+03
1.417924002832750274e-01 4.596153624606522499e+03
1.316607855552902051e-01 4.758084279251912449e+03
1.219310757820665503e-01 4.925720038438086704e+03
1.126134663951238041e-01 5.099261903129881830e+03
1.037162095286550678e-01 5.278917955913107107e+03
9.524554016141968671e-02 5.464903610492591724e+03
8.720562374944051953e-02 5.657441869980551928e+03
7.959852668688165156e-02 5.856763594284887404e+03
7.242421047632340014e-02 6.063107776918034688e+03
6.568055000811080790e-02 6.276721831558330450e+03
5.936337585678336942e-02 6.497861888707369872e+03
5.346654001617768409e-02 6.726793102799189001e+03
4.798200402843159212e-02 6.963789970129449102e+03
4.289994802916738403e-02 7.209136657985775855e+03
3.820889884299304151e-02 7.463127345374006836e+03
3.389587492907704391e-02 7.726066575748794094e+03
2.994654570215004447e-02 7.998269622171536867e+03
2.634540254337897069e-02 8.280062865333520676e+03
2.307593866910015792e-02 8.571784184897382147e+03
2.012083494212688409e-02 8.873783364626327966e+03
1.746214868730746814e-02 9.186422511786760879e+03
1.508150260603781899e-02 9.510076491327126860e+03
1.296027096875423251e-02 9.845133375353751035e+03
1.107976039512232648e-02 1.019199490844245338e+04
9.421382703980895126e-03 1.055107698934391738e+04
7.966817524822578794e-03 1.092281016966045718e+04
6.698162605903602157e-03 1.130764017009192867e+04
5.598070027536276340e-03 1.170602841487001751e+04
4.649866829427072926e-03 1.211845258502157958e+04
3.837658884539190893e-03 1.254540719112434272e+04
3.146417194759221648e-03 1.298740416624191494e+04
2.562046140576081273e-03 1.344497347974889453e+04
2.071433581790474866e-03 1.391866377278211803e+04
1.662483071425786916e-03 1.440904301608006972e+04
1.324128801726558993e-03 1.491669919099897925e+04
1.046334239637601322e-03 1.544224099452247356e+04
8.200757191243491237e-04 1.598629856910995841e+04
6.373125288026631292e-04 1.654952425825873433e+04
4.909452559682855313e-04 1.713259338868602936e+04
3.747643140352319331e-04 1.773620508006867385e+04
2.833906834805581835e-04 1.836108308331126682e+04
2.122109331911904218e-04 1.900797664834816896e+04
1.573085592308612638e-04 1.967766142251948622e+04
1.153935843649851913e-04 2.037094038059861850e+04
8.373221026776445346e-05 2.108864478758630867e+04
6.007811413248283927e-05 2.183163519542548966e+04
4.260674367730943617e-05 2.260080247483235507e+04
2.985370212488344161e-05 2.339706888348053326e+04
2.065804118065175132e-05 2.422138917181935540e+04
1.411100868002297261e-05 2.507475172785209361e+04
9.510540669720076975e-06 2.595817976224671293e+04
6.321555640951722602e-06 2.687273253520000071e+04
4.141909426922101446e-06 2.781950662652686879e+04
2.673708132988794265e-06 2.879963725049634013e+04
1.699555737823690679e-06 2.981429961699235719e+04
1.063232321570897534e-06 3.086471034063017214e+04
6.542555099066705233e-07 3.195212889951837860e+04
3.957670850591751148e-07 3.307785914541633247e+04
2.352029704884665784e-07 3.424325086709614698e+04
1.372414870979235708e-07 3.544970140878571692e+04
7.857541216134398671e-08 3.669865734563169099e+04
4.411191303407522914e-08 3.799161621819191350e+04
2.426566748136987620e-08 3.933012832803783385e+04
1.307026280932987101e-08 4.071579859661850060e+04
6.888264299586849835e-09 4.215028848961561016e+04
3.549237349392839940e-09 4.363531800909770391e+04
1.786547920162488503e-09 4.517266775586081349e+04
8.777910825754494589e-10 4.676418106442896533e+04
4.206243706523482027e-10 4.841176621327547764e+04
1.963999396738058290e-10 5.011739871291285817e+04
8.927612070434289276e-11 5.188312367459764937e+04
3.946987397382732567e-11 5.371105826248794619e+04
1.695538297367250446e-11 5.560339423219471792e+04
7.070024176159021186e-12 5.756240055877199484e+04
2.858578496429296430e-12 5.959042615729402314e+04
1.119499039840560732e-12 6.168990269928498310e+04
4.241832810351121608e-13 6.386334752837533597e+04
1.553224486352278100e-13 6.611336667868189397e+04
5.489624098678794281e-14 6.844265799953191890e+04
1.870411176349832656e-14 7.085401439027568267e+04
6.135599427831627907e-15 7.335032714906714682e+04
1.935182404997300501e-15 7.593458943962938793e+04
5.860449609080666110e-16 7.860989988015913696e+04
1.701617871722885546e-16 8.137946625867464172e+04
4.730110096940691990e-17 8.424660937926346378e+04
1.256874507310178448e-17 8.721476704383807373e+04
3.187380445849167370e-18 9.028749817417807935e+04
7.701631839305919074e-19 9.346848707919778826e+04
1.770104242564796571e-19 9.676154787255714473e+04
3.862926869981690525e-20 1.001706290459146549e+05
7.989930920991297958e-21 1.036998182033013727e+05
1.563355947235386885e-21 1.073533469622983248e+05
2.888095337800080058e-22 1.111355960278889834e+05
5.027181481380764265e-23 1.150511004450725595e+05
8.227853939891461596e-24 1.191045550365381496e+05
1.263441299868908350e-24 1.233008200319159514e+05
1.816161055775735497e-25 1.276449268953566352e+05
2.438228342746624176e-26 1.321420843584292452e+05
3.049786694120812698e-27 1.367976846655663394e+05
3.545333831675786847e-28 1.416173100395473011e+05
3.820469636616954718e-29 1.466067393747747701e+05
3.806170193775866020e-30 1.517719551663628954e+05
3.495992585481608360e-31 1.571191506833541498e+05
2.952027165614776247e-32 1.626547373946582666e+05
2.284812895438019099e-33 1.683853526566198561e+05
1.615953752617254552e-34 1.743178676714365138e+05
1.041060128002596701e-35 1.804593957259605231e+05
6.089243012716159526e-37 1.868173007207738992e+05
3.222649711898511052e-38 1.933992059997538745e+05
1.537782142768239036e-39 2.002130034907198278e+05
6.592105282015345079e-41 2.072668631681248662e+05
2.529070541563531162e-42 2.145692428491315804e+05
8.649825178874295040e-44 2.221288983348202310e+05
2.626670326626603862e-45 2.299548939086942410e+05
7.052384796778059723e-47 2.380566132050624001e+05
1.666920402323877669e-48 2.464437704603335005e+05
3.452963747347809776e-50 2.551264221607186482e+05
6.239483337950348235e-52 2.641149791002959246e+05
9.788017243062908127e-54 2.734202188639090164e+05
1.326376157678170058e-55 2.830532987498561270e+05
1.544630986383619417e-57 2.930257691478672205e+05
1.537623799147058321e-59 3.033495873884175671e+05
1.301194801452292999e-61 3.140371320799680543e+05
9.307143654310904199e-64 3.251012179513410083e+05
5.593708454746174730e-66 3.365551112170133274e+05
2.807561995490647945e-68 3.484125454837555881e+05
1.169359309643346757e-70 3.606877382176973042e+05
4.015147802680190252e-73 3.733954077915485832e+05
1.128847609614664793e-75 3.865507911324268207e+05
2.580420628599123797e-78 4.001696619914539042e+05
4.761025599670747778e-81 4.142683498570167576e+05
7.036994401668120546e-84 4.288637595343756257e+05
8.267171175854050138e-87 4.439733914151054923e+05
7.657667133639370402e-90 4.596153624606522499e+05
5.545859799544175951e-93 4.758084279251907719e+05
3.113214298188393345e-96 4.925720038438086631e+05
1.342514864911047937e-99 5.099261903129881830e+05
4.406198412195529216e-103 5.278917955913112964e+05
1.090100642387015156e-106 5.464903610492591979e+05
2.012807806412067583e-110 5.657441869980546180e+05
2.745328996082062512e-114 5.856763594284887658e+05
2.736581250087759559e-118 6.063107776918035233e+05
1.971725078220423706e-122 6.276721831558323465e+05
1.015176612748140909e-126 6.497861888707369799e+05
3.691069780088303997e-131 6.726793102799189510e+05
9.361713291222483105e-136 6.963789970129441936e+05
1.635461518701561269e-140 7.209136657985777128e+05
1.942238570213932095e-145 7.463127345373998396e+05
1.546808046555246616e-150 7.726066575748793548e+05
8.145695307465454459e-156 7.998269622171537485e+05
2.795430371257768161e-161 8.280062865333511727e+05
6.158087858890226866e-167 8.571784184897382511e+05
8.573079030217616133e-173 8.873783364626328694e+05
7.421635233348225964e-179 9.186422511786770774e+05
3.928845107276423488e-185 9.510076491327126278e+05
1.249992233648003807e-191 9.845133375353740994e+05
2.347665810173013077e-198 1.019199490844245302e+06
2.554975627502972865e-205 1.055107698934391839e+06
1.580554958126012467e-212 1.092281016966044670e+06
5.448305681158511238e-220 1.130764017009192845e+06
1.025166737723226970e-227 1.170602841487001861e+06
1.030731685060365984e-235 1.211845258502156939e+06
5.416582635985948240e-244 1.254540719112434192e+06
1.454140734936890465e-252 1.298740416624190286e+06
1.947653816268557838e-261 1.344497347974889213e+06
1.269995576978504881e-270 1.391866377278211992e+06
3.930644709781553084e-280 1.440904301608005539e+06
5.624636887796850014e-290 1.491669919099898078e+06
3.621517418406358832e-300 1.544224099452247377e+06
1.020075820333728542e-310 1.598629856910997536e+06
0.000000000000000000e+00 1.654952425825873157e+06
0.000000000000000000e+00 1.713259338868601248e+06
0.000000000000000000e+00 1.773620508006867487e+06
0.000000000000000000e+00 1.836108308331126580e+06
0.000000000000000000e+00 1.900797664834815077e+06
0.000000000000000000e+00 1.967766142251948826e+06
0.000000000000000000e+00 2.037094038059861632e+06
0.000000000000000000e+00 2.108864478758628480e+06
0.000000000000000000e+00 2.183163519542549271e+06
0.000000000000000000e+00 2.260080247483232990e+06
0.000000000000000000e+00 2.339706888348053209e+06
