3.595212434573919792e-03 4.419117277320800952e+00
3.874252773186161701e-03 4.574810627047024347e+00
4.174317555797534170e-03 4.735989329984707119e+00
4.496891331202140622e-03 4.902846644869093495e+00
4.843550758979358814e-03 5.075582639283895858e+00
5.215968893231454594e-03 5.254404429549094147e+00
5.615919517619766960e-03 5.439526429060443924e+00
6.045281516700798038e-03 5.631170605378433613e+00
6.506043267211505075e-03 5.829566746374888808e+00
7.000307031681158448e-03 6.034952735756455411e+00
7.530293335538606851e-03 6.247574838295226307e+00
8.098345307846598756e-03 6.467687995108558852e+00
8.706932964815713993e-03 6.695556129342152829e+00
9.358657414483788697e-03 6.931452462622820221e+00
1.005625496034627184e-02 7.175659842660508936e+00
1.080260108129734754e-02 7.428471082392325009e+00
1.160071426504055703e-02 7.690189311075143586e+00
1.245375967209024978e-02 7.961128337747905626e+00
1.336505260767431071e-02 8.241613027499294475e+00
1.433806177915975325e-02 8.531979690991999377e+00
1.537641231710377976e-02 8.832576487710644741e+00
1.648388853853210642e-02 9.143763843416778059e+00
1.766443643159602492e-02 9.465914882311619039e+00
1.892216584118303763e-02 9.799415874424669326e+00
2.026135233531428312e-02 1.014466669876452265e+01
2.168643873206635431e-02 1.050208132278742212e+01
2.320203626623871737e-02 1.087208829875826588e+01
2.481292537381157848e-02 1.125513127759931287e+01
2.652405607033593571e-02 1.165166954084274309e+01
2.834054789653257800e-02 1.206217855132472927e+01
3.026768940039639699e-02 1.248715052328155295e+01
3.231093711994153378e-02 1.292709501253121651e+01
3.447591402413607148e-02 1.338253952744808828e+01
3.676840736161434559e-02 1.385403016146339361e+01
3.919436585724955097e-02 1.434213224784977037e+01
4.175989618580840113e-02 1.484743103757502247e+01
4.447125863962496373e-02 1.537053240103796270e+01
4.733486189388030896e-02 1.591206355452749399e+01
5.035725675883387376e-02 1.647267381227626259e+01
5.354512879368153455e-02 1.705303536501052974e+01
5.690528964211751667e-02 1.765384408592954557e+01
6.044466693578692124e-02 1.827582036508121277e+01
6.417029259932771623e-02 1.891970997313418934e+01
6.808928938050734514e-02 1.958628495558219740e+01
7.220885542191717021e-02 2.027634455845287320e+01
7.653624668775646511e-02 2.099071618663073835e+01
8.107875706140942051e-02 2.173025639594382241e+01
8.584369593775650897e-02 2.249585192020321855e+01
9.083836314926181654e-02 2.328842073442690364e+01
9.607002108773472770e-02 2.410891315552300185e+01
1.015458639147447800e-01 2.495831298175202662e+01
1.072729837934370128e-01 2.583763867233433942e+01
1.132583341230002094e-01 2.674794456861741665e+01
1.195086898140673287e-01 2.769032215826676691e+01
1.260306047084051029e-01 2.866590138399676491e+01
1.328303663183116601e-01 2.967585199841039412e+01
1.399139481390623274e-01 3.072138496657215967e+01
1.472869598697135185e-01 3.180375391799639573e+01
1.549545959617145974e-01 3.292425664979160160e+01
1.629215829987182007e-01 3.408423668276316221e+01
1.711921264922492136e-01 3.528508487234054058e+01
1.797698577537292786e-01 3.652824107625995254e+01
1.886577815710550887e-01 3.781519588100270823e+01
1.978582254746559244e-01 3.914749238905919526e+01
2.073727914210671819e-01 4.052672806916083204e+01
2.172023107491118099e-01 4.195455667169949265e+01
2.273468032725255994e-01 4.343269021163028754e+01
2.378054413615889595e-01 4.496290102123559507e+01
2.485765198336134518e-01 4.654702387521175666e+01
2.596574324172023496e-01 4.818695819062597252e+01
2.710446554778251915e-01 4.988467030438195593e+01
2.827337395927315700e-01 5.164219583092469890e+01
2.947193094427412174e-01 5.346164210301117237e+01
3.069950723484652366e-01 5.534519069847381445e+01
3.195538356216656162e-01 5.729510005600641875e+01
3.323875327313983719e-01 5.931370818310887216e+01
3.454872581031687706e-01 6.140343545943738945e+01
3.588433101814657022e-01 6.356678753892187927e+01
3.724452421963372895e-01 6.580635835413001189e+01
3.862819198880299010e-01 6.812483322648058959e+01
4.003415852651607265e-01 7.052499208603489933e+01
4.146119253066558041e-01 7.300971280472721503e+01
4.290801443707445428e-01 7.558197464703093260e+01
4.437330389505259043e-01 7.824486184219786367e+01
4.585570733192556037e-01 8.100156728235378978e+01
4.735384545433765080e-01 8.385539635088434807e+01
4.886632053102549222e-01 8.680977088570195122e+01
5.039172330227503771e-01 8.986823328214573792e+01
5.192863936550397019e-01 9.303445074043365537e+01
5.347565489435366359e-01 9.631221966275997204e+01
5.503136156020994596e-01 9.970547020531039095e+01
5.659436053997004556e-01 1.032182709906527833e+02
5.816326551181277837e-01 1.068548339861537357e+02
5.973670456128437056e-01 1.106195195542701981e+02
6.131332094270409705e-01 1.145168416807721741e+02
6.289177266516547959e-01 1.185514733871649753e+02
6.447073089769708165e-01 1.227282523338005262e+02
6.604887721386112354e-01 1.270521866203961423e+02
6.762489972163110430e-01 1.315284607909162844e+02
6.919748814927263458e-01 1.361624420500167503e+02
7.076532798164734128e-01 1.409596866985051520e+02
7.232709376344403918e-01 1.459259467955340313e+02
7.388144170593695659e-01 1.510671770555151170e+02
7.542700175167779131e-01 1.563895419880242059e+02
7.696236926680678492e-01 1.618994232892571574e+02
7.848609654322438178e-01 1.676034274939001136e+02
7.999668430256884344e-01 1.735083938965888990e+02
8.149257340068127853e-01 1.796214027524558219e+02
8.297213693493661335e-01 1.859497837665953455e+02
8.443367295740210610e-01 1.925011248826293695e+02
8.587539799421718412e-01 1.992832813809092158e+02
8.729544156582025316e-01 2.063043852972637069e+02
8.869184189365936222e-01 2.135728551735856797e+02
9.006254296681968086e-01 2.210974061519495990e+02
9.140539312659771154e-01 2.288870604243625451e+02
9.271814530854523007e-01 2.369511580506790267e+02
9.399845906000472429e-01 2.452993681576496385e+02
9.524390442687782343e-01 2.539417005325317405e+02
9.645196777656928067e-01 2.628885176251645817e+02
9.762005959509176822e-01 2.721505469728983257e+02
9.874552426562305252e-01 2.817388940632754384e+02
9.982565180388855985e-01 2.916650556498869946e+02
1.008576914931454738e+00 3.019409335373700856e+02
1.018388673288898261e+00 3.125788488520766464e+02
1.027663951513005047e+00 3.235915568155213009e+02
1.036375013125062416e+00 3.349922620383247249e+02
1.044494426965993927e+00 3.467946343529901583e+02
1.051995278834610525e+00 3.590128252044969486e+02
1.058851392233797650e+00 3.716614846183633176e+02
1.065037555685227844e+00 3.847557787665232354e+02
1.070529753898412650e+00 3.983114081520820378e+02
1.075305399941655304e+00 4.123446264347531383e+02
1.079343565461810428e+00 4.268722599195465364e+02
1.082625205937094881e+00 4.419117277320801236e+02
1.085133377922558484e+00 4.574810627047019125e+02
1.086853445260650641e+00 4.735989329984702749e+02
1.087773271279306897e+00 4.902846644869093780e+02
1.087883394086828881e+00 5.075582639283896356e+02
1.087177182196510161e+00 5.254404429549094857e+02
1.085650967875054551e+00 5.439526429060443888e+02
1.083304155808183955e+00 5.631170605378433720e+02
1.080139304915616050e+00 5.829566746374889590e+02
1.076162181427313236e+00 6.034952735756450011e+02
1.071381781654545007e+00 6.247574838295220161e+02
1.065810323253638225e+00 6.467687995108558425e+02
1.059463204186912311e+00 6.695556129342153326e+02
1.052358929032373602e+00 6.931452462622821713e+02
1.044519002777772210e+00 7.175659842660508048e+02
1.035967792749673766e+00 7.428471082392323979e+02
1.026732359866133759e+00 7.690189311075143905e+02
1.016842260951550170e+00 7.961128337747896921e+02
1.006329324401124659e+00 8.241613027499287227e+02
9.952274020147172662e-01 8.531979690992000087e+02
9.835721003184971778e-01 8.832576487710643960e+02
9.714004951396256748e-01 9.143763843416778627e+02
9.587508335756197431e-01 9.465914882311618612e+02
9.456622277883566241e-01 9.799415874424668118e+02
9.321743452367811100e-01 1.014466669876452329e+03
9.183271000289247032e-01 1.050208132278741232e+03
9.041603500134905991e-01 1.087208829875825586e+03
8.897136040392022993e-01 1.125513127759931422e+03
8.750257434872892315e-01 1.165166954084274266e+03
8.601347617359023090e-01 1.206217855132472778e+03
8.450775246581587741e-01 1.248715052328155252e+03
8.298895546076440199e-01 1.292709501253121744e+03
8.146048396318166240e-01 1.338253952744808885e+03
7.992556689051790730e-01 1.385403016146337905e+03
7.838724946241002467e-01 1.434213224784975409e+03
7.684838198895229677e-01 1.484743103757502240e+03
7.531161114580381399e-01 1.537053240103796270e+03
7.377937356994163087e-01 1.591206355452749222e+03
7.225389156883523789e-01 1.647267381227626402e+03
7.073717071021216052e-01 1.705303536501053031e+03
6.923099905074381333e-01 1.765384408592954742e+03
6.773694777023483438e-01 1.827582036508119472e+03
6.625637300246752792e-01 1.891970997313417001e+03
6.479041869281313426e-01 1.958628495558219811e+03
6.334002036308700179e-01 2.027634455845287221e+03
6.190590972197419495e-01 2.099071618663073878e+03
6.048862012005923328e-01 2.173025639594382028e+03
5.908849290702513635e-01 2.249585192020321756e+03
5.770568479985231924e-01 2.328842073442689980e+03
5.634017641006631161e-01 2.410891315552297783e+03
5.499178210118246257e-01 2.495831298175200118e+03
5.366016135142837040e-01 2.583763867233434212e+03
5.234483177987824254e-01 2.674794456861741310e+03
5.104518395610087023e-01 2.769032215826676747e+03
4.976049805569598417e-01 2.866590138399676107e+03
4.848996234960479823e-01 2.967585199841039412e+03
4.723269342815179517e-01 3.072138496657215910e+03
4.598775796680515948e-01 3.180375391799636418e+03
4.475419574575765780e-01 3.292425664979156863e+03
4.353104354600731973e-01 3.408423668276316221e+03
4.231735946683428673e-01 3.528508487234054428e+03
4.111224714893790266e-01 3.652824107625995111e+03
3.991487934844470398e-01 3.781519588100270994e+03
3.872452029255774586e-01 3.914749238905919356e+03
3.754054625921362520e-01 4.052672806916083573e+03
3.636246386047283785e-01 4.195455667169944718e+03
3.518992557058180370e-01 4.343269021163024263e+03
3.402274212132571640e-01 4.496290102123560246e+03
3.286089148486019407e-01 4.654702387521175297e+03
3.170452427225786129e-01 4.818695819062596456e+03
3.055396548867488904e-01 4.988467030438193433e+03
2.940971269745886740e-01 5.164219583092469293e+03
2.827243075016836471e-01 5.346164210301117237e+03
2.714294333254791969e-01 5.534519069847375249e+03
2.602222165416422373e-01 5.729510005600639488e+03
2.491137066897534669e-01 5.931370818310887444e+03
2.381161325412946284e-01 6.140343545943739628e+03
2.272427279456734339e-01 6.356678753892188070e+03
2.165075462247037230e-01 6.580635835412997949e+03
2.059252674518568249e-01 6.812483322648058675e+03
1.955110026568498138e-01 7.052499208603490843e+03
1.852800985912099185e-01 7.300971280472715080e+03
1.752479462117124132e-01 7.558197464703089281e+03
1.654297955215956739e-01 7.824486184219786082e+03
1.558405788878161058e-01 8.100156728235378978e+03
1.464947444559370204e-01 8.385539635088434807e+03
1.374061008366465886e-01 8.680977088570190972e+03
1.285876738570241318e-01 8.986823328214573849e+03
1.200515758662008825e-01 9.303445074043365821e+03
1.118088878627580829e-01 9.631221966275987143e+03
1.038695545674995363e-01 9.970547020531033922e+03
9.624229249203747338e-02 1.032182709906527816e+04
8.893451103856361839e-02 1.068548339861537352e+04
8.195224669398011585e-02 1.106195195542702095e+04
7.530011043536952164e-02 1.145168416807721223e+04
6.898124852661849382e-02 1.185514733871649696e+04
6.299731694190537079e-02 1.227282523338005194e+04
5.734846968675434697e-02 1.270521866203960235e+04
5.203336129028953566e-02 1.315284607909162332e+04
4.704916370520824398e-02 1.361624420500167435e+04
4.239159777030274828e-02 1.409596866985051565e+04
3.805497926299808431e-02 1.459259467955340369e+04
3.403227939840160893e-02 1.510671770555150397e+04
3.031519942174110138e-02 1.563895419880242116e+04
2.689425870016394493e-02 1.618994232892571381e+04
2.375889545695290470e-02 1.676034274938999079e+04
2.089757901699062365e-02 1.735083938965888228e+04
1.829793215832720144e-02 1.796214027524558333e+04
1.594686190292255584e-02 1.859497837665953557e+04
1.383069684188031716e-02 1.925011248826293740e+04
1.193532888799646481e-02 1.992832813809091385e+04
1.024635719143572599e-02 2.063043852972636887e+04
8.749231851589626616e-03 2.135728551735857036e+04
7.429395016598416314e-03 2.210974061519493989e+04
6.272416986405524378e-03 2.288870604243624257e+04
5.264125027862488065e-03 2.369511580506790415e+04
4.390722770955829239e-03 2.452993681576496238e+04
3.638898280537496664e-03 2.539417005325317587e+04
2.995919182060163052e-03 2.628885176251644225e+04
2.449713554124900543e-03 2.721505469728983007e+04
1.988935674096583943e-03 2.817388940632754748e+04
1.603016102558042213e-03 2.916650556498866354e+04
1.282196003395315483e-03 3.019409335373699287e+04
1.017546003421906237e-03 3.125788488520766623e+04
8.009702831455485896e-04 3.235915568155212895e+04
6.251969437263113537e-04 3.349922620383246976e+04
4.837560010121591146e-04 3.467946343529899605e+04
3.709466046284085744e-04 3.590128252044969850e+04
2.817952601530181547e-04 3.716614846183633199e+04
2.120069404754079895e-04 3.847557787665228534e+04
1.579110071733187150e-04 3.983114081520819309e+04
1.164038264793888230e-04 4.123446264347531542e+04
8.488986296095748737e-05 4.268722599195465591e+04
6.122287628422336974e-05 4.419117277320801077e+04
4.364864370290999832e-05 4.574810627047019079e+04
3.075039619204851055e-05 4.735989329984698270e+04
2.139790321520017088e-05 4.902846644869093871e+04
1.470088362575648463e-05 5.075582639283891331e+04
9.967170841384431456e-06 5.254404429549093766e+04
6.665830159656245990e-06 5.439526429060444207e+04
4.395223582040241757e-06 5.631170605378428445e+04
2.855848822948616452e-06 5.829566746374889044e+04
1.827647577011282673e-06 6.034952735756448965e+04
1.151384215760617714e-06 6.247574838295226073e+04
7.136381364870631000e-07 6.467687995108558971e+04
4.349273333819264721e-07 6.695556129342147324e+04
2.604823855286538391e-07 6.931452462622821622e+04
1.532131617173454651e-07 7.175659842660509457e+04
8.844911438442572118e-08 7.428471082392317476e+04
5.008232820477185288e-08 7.690189311075143632e+04
2.779540242082028918e-08 7.961128337747897604e+04
1.510957506014996140e-08 8.241613027499278542e+04
8.039054147247200768e-09 8.531979690991999814e+04
4.183140815636829916e-09 8.832576487710635411e+04
2.127182115457004159e-09 9.143763843416777672e+04
1.056232109917645973e-09 9.465914882311619294e+04
5.116841955932866177e-10 9.799415874424658250e+04
2.416324065203863314e-10 1.014466669876452361e+05
1.111292013149527721e-10 1.050208132278741250e+05
4.972978460113123169e-11 1.087208829875826632e+05
2.163224623778655536e-11 1.125513127759931376e+05
9.137972430150803868e-12 1.165166954084273020e+05
3.744661058263997710e-12 1.206217855132472905e+05
1.487048318240469716e-12 1.248715052328155289e+05
5.716189572128832121e-13 1.292709501253120397e+05
2.124512461738115623e-13 1.338253952744808921e+05
7.625488267779177146e-14 1.385403016146337905e+05
2.639965104539934225e-14 1.434213224784974009e+05
8.804374593019829641e-15 1.484743103757502104e+05
2.824859257634760763e-15 1.537053240103794669e+05
8.707653327883819084e-16 1.591206355452749121e+05
2.575126910298156843e-16 1.647267381227626465e+05
7.295497679766381007e-17 1.705303536501051276e+05
1.977029848862369690e-17 1.765384408592954569e+05
5.116743456417417386e-18 1.827582036508119490e+05
1.262677137300234728e-18 1.891970997313419066e+05
2.966064521910671011e-19 1.958628495558220020e+05
6.620703639142754456e-20 2.027634455845284974e+05
1.401787155426116805e-20 2.099071618663073750e+05
2.809997693215621905e-21 2.173025639594382374e+05
5.322784855302152607e-22 2.249585192020319519e+05
9.508555401429816081e-23 2.328842073442690016e+05
1.598585770705247996e-23 2.410891315552297456e+05
2.523914341047894118e-24 2.495831298175197735e+05
3.733957128991699673e-25 2.583763867233433994e+05
5.164461049774131725e-26 2.674794456861738581e+05
6.662105489222700577e-27 2.769032215826676693e+05
7.995808546551906976e-28 2.866590138399676653e+05
8.905814433744893316e-29 2.967585199841036228e+05
9.181261653900668290e-30 3.072138496657215874e+05
8.737061295429294166e-31 3.180375391799636418e+05
7.653107939186799727e-32 3.292425664979160647e+05
6.152501401224616167e-33 3.408423668276316021e+05
4.525789439780743343e-34 3.528508487234050408e+05
3.036734161616846425e-35 3.652824107625994948e+05
1.852602307382365544e-36 3.781519588100271067e+05
1.024151594137377147e-37 3.914749238905915408e+05
5.112640104592456365e-39 4.052672806916083209e+05
2.296488772602347807e-40 4.195455667169945082e+05
9.247104434453572640e-42 4.343269021163019934e+05
3.325039490675845513e-43 4.496290102123559336e+05
1.063422406156045266e-44 4.654702387521170895e+05
3.012590445380834170e-46 4.818695819062596420e+05
7.527380113871509640e-48 4.988467030438193469e+05
1.651565712305246248e-49 5.164219583092464600e+05
3.167431498175627558e-51 5.346164210301117273e+05
5.284683706113658735e-53 5.534519069847374922e+05
7.633077189759667761e-55 5.729510005600644508e+05
9.496041199797968670e-57 5.931370818310887553e+05
1.012193302587335720e-58 6.140343545943733770e+05
9.193850387255017437e-61 6.356678753892187960e+05
7.076139103586635911e-63 6.580635835412997985e+05
4.588025772664943979e-65 6.812483322648053290e+05
2.490933897529234727e-67 7.052499208603490843e+05
1.125354353587590446e-69 7.300971280472713988e+05
4.203347590058586274e-72 7.558197464703080477e+05
1.289345603306881918e-74 7.824486184219786664e+05
3.225506849596366229e-77 8.100156728235370247e+05
6.533735769538087694e-80 8.385539635088434443e+05
1.063728066261015589e-82 8.680977088570190826e+05
1.381216691202682675e-85 8.986823328214564826e+05
1.419038153591507702e-88 9.303445074043365894e+05
1.144048266513396076e-91 9.631221966275987215e+05
7.176346032768386796e-95 9.970547020531044109e+05
3.471612070417907276e-98 1.032182709906527773e+06
1.283371994508252492e-101 1.068548339861536399e+06
3.591304070277446956e-105 1.106195195542701986e+06
7.533031111077390037e-109 1.145168416807721136e+06
1.172451596800448321e-112 1.185514733871648321e+06
1.339867616684441612e-116 1.227282523338005180e+06
1.112100496380494589e-120 1.270521866203960264e+06
6.629002684999618109e-125 1.315284607909160899e+06
2.804844687230110468e-129 1.361624420500167646e+06
8.323038083622878401e-134 1.409596866985050030e+06
1.710561164660706112e-138 1.459259467955340398e+06
2.403582051924354364e-143 1.510671770555150462e+06
2.278373219988855124e-148 1.563895419880240457e+06
1.436856260115703835e-153 1.618994232892571483e+06
5.942772346172912274e-159 1.676034274938999210e+06
1.588171019338914917e-164 1.735083938965890324e+06
2.700570488354792392e-170 1.796214027524558362e+06
2.875716630760707885e-176 1.859497837665951578e+06
1.886285821653485518e-182 1.925011248826293740e+06
7.492486315286889235e-189 1.992832813809091458e+06
1.770624499111851451e-195 2.063043852972634835e+06
2.444351367138016530e-202 2.135728551735857036e+06
1.934247865687895875e-209 2.210974061519493815e+06
8.603136697148003300e-217 2.288870604243622161e+06
2.107572882959695398e-224 2.369511580506790429e+06
2.784606069561430114e-232 2.452993681576494128e+06
1.941570221923795067e-240 2.539417005325317383e+06
6.985066747054829884e-249 2.628885176251644269e+06
1.266751763193358531e-257 2.721505469728980213e+06
1.130406493278924570e-266 2.817388940632754937e+06
4.841158845453888292e-276 2.916650556498866528e+06
9.696225184528161342e-286 3.019409335373702459e+06
8.842316940291647226e-296 3.125788488520766608e+06
3.571092845948413436e-306 3.235915568155209534e+06
6.207218444808793020e-317 3.349922620383246802e+06
0.000000000000000000e+00 3.467946343529899139e+06
0.000000000000000000e+00 3.590128252044966444e+06
0.000000000000000000e+00 3.716614846183633432e+06
0.000000000000000000e+00 3.847557787665228359e+06
0.000000000000000000e+00 3.983114081520814914e+06
0.000000000000000000e+00 4.123446264347530901e+06
0.000000000000000000e+00 4.268722599195460789e+06
0.000000000000000000e+00 4.419117277320801280e+06
