1.063572298656642445e+01 1.235748650986788544e+00
1.037198921753521752e+01 1.279286270565068051e+00
1.010841101895370286e+01 1.324357797800886916e+00
9.845291376377190318e+00 1.371017274985133039e+00
9.582940811839131712e+00 1.419320648414581276e+00
9.321676425000404720e+00 1.469325835473394681e+00
9.061820838111678711e+00 1.521092794078037658e+00
8.803701046240231420e+00 1.574683594568856426e+00
8.547647175321936075e+00 1.630162494134516749e+00
8.293991151786960003e+00 1.687596013858558397e+00
8.043065288764260856e+00 1.747053018480431152e+00
7.795200795182831044e+00 1.808604798966652716e+00
7.550726215441808442e+00 1.872325157991104660e+00
7.309965808700468415e+00 1.938290498426932462e+00
7.073237878221633856e+00 2.006579914956188482e+00
6.840853062567464171e+00 2.077275288907045603e+00
6.613112601769084442e+00 2.150461386432279465e+00
6.390306592845777622e+00 2.226225960146767324e+00
6.172712250206988216e+00 2.304659854345852299e+00
5.960592187502950168e+00 2.385857113930732076e+00
5.754192738367091664e+00 2.469915097171499152e+00
5.553742334187023566e+00 2.556934592442994258e+00
5.359449957521660757e+00 2.647019939073497863e+00
5.171503690023397937e+00 2.740279152451133626e+00
4.990069373700690925e+00 2.836824053537966517e+00
4.815289404047607746e+00 2.936770402947146419e+00
4.647281672953346821e+00 3.040238039743806020e+00
4.486138678374801181e+00 3.147351025136165159e+00
4.331926816500305755e+00 3.258237791229143809e+00
4.184685870551088094e+00 3.373031295018794395e+00
4.044428708463613908e+00 3.491869177812262581e+00
3.911141199482226050e+00 3.614893930264397426e+00
3.784782357187162827e+00 3.742253063228860643e+00
3.665284713713119924e+00 3.874099284628660822e+00
3.552554926913867650e+00 4.010590682558133224e+00
3.446474619038455867e+00 4.151890914835925983e+00
3.346901442154265993e+00 4.298169405236295759e+00
3.253670362135174354e+00 4.449601546633938476e+00
3.166595149591258540e+00 4.606368911306009117e+00
3.085470062715628181e+00 4.768659468643463129e+00
3.010071703734491066e+00 4.936667810532706646e+00
2.940161027541658090e+00 5.110595384677885100e+00
2.875485478254887983e+00 5.290650736143525101e+00
2.815781226921899361e+00 5.477049757407125519e+00
2.760775481504711415e+00 5.670015947221601849e+00
2.710188838650763099e+00 5.869780678597829038e+00
2.663737645682183519e+00 6.076583476228761604e+00
2.621136340756678784e+00 6.290672303687683709e+00
2.582099739318294951e+00 6.512303860744912853e+00
2.546345235794222894e+00 6.741743891159562629e+00
2.513594891017457478e+00 6.979267501315323585e+00
2.483577378059434349e+00 7.225159490082345037e+00
2.456029762011822104e+00 7.479714690300777846e+00
2.430699092713312748e+00 7.743238322295310283e+00
2.407343793399179255e+00 8.016046359844720470e+00
2.385734832660235671e+00 8.298465909045184219e+00
2.365656671813836542e+00 8.590835600521538495e+00
2.346907984673022085e+00 8.893505995456928659e+00
2.329302151598845683e+00 9.206840005927547921e+00
2.312667534474031061e+00 9.531213330046540477e+00
2.296847543682356552e+00 9.867014902438810964e+00
2.281700512164023920e+00 1.021464736058679712e+01
2.267099395004067652e+00 1.057452752760649162e+01
2.252931315685639202e+00 1.094708691203255313e+01
2.239096982019408433e+00 1.133277222521160787e+01
2.225509995799022089e+00 1.173204591692436338e+01
2.212096080425505651e+00 1.214538672987858092e+01
2.198792250126523129e+00 1.257329027373782004e+01
2.185545943045661410e+00 1.301626961937428817e+01
2.172314138502520198e+00 1.347485591405816763e+01
2.159062476264099306e+00 1.394959901832124771e+01
2.145764392877787863e+00 1.444106816525838966e+01
2.132400287158836782e+00 1.494985264305729977e+01
2.118956723960197852e+00 1.547656250157505653e+01
2.105425682524694864e+00 1.602182928380861782e+01
2.091803853151410930e+00 1.658630678313630469e+01
2.078091983691619404e+00 1.717067182723825525e+01
2.064294275584027893e+00 1.777562508963576349e+01
2.050417827769265955e+00 1.840189192982261801e+01
2.036472125882291984e+00 1.905022326299579305e+01
2.022468573574776496e+00 1.972139646042820615e+01
2.008420062612534363e+00 2.041621628156327972e+01
1.994340578458480673e+00 2.113551583894880892e+01
1.980244838316177258e+00 2.188015759716722286e+01
1.966147959002201961e+00 2.265103440695987302e+01
1.952065152473671850e+00 2.344907057578533482e+01
1.938011447307751878e+00 2.427522297609547408e+01
1.924001434874588412e+00 2.513048219265798267e+01
1.910049039336932486e+00 2.601587371030112550e+01
1.896167310935562789e+00 2.693245914350485393e+01
1.882368242273867898e+00 2.788133750931258348e+01
1.868662607499189443e+00 2.886364654508997418e+01
1.855059824397456758e+00 2.988056407271062653e+01
1.841567839476728086e+00 3.093330941080445129e+01
1.828193036119329484e+00 3.202314483676211410e+01
1.814940165835144725e+00 3.315137710024849582e+01
1.801812302551469624e+00 3.431935899003988055e+01
1.788810819730071611e+00 3.552849095606354979e+01
1.775935389910268336e+00 3.678022278858484384e+01
1.763184006042484153e+00 3.807605535655489604e+01
1.750553023704975342e+00 3.941754240720344171e+01
1.738037222997436348e+00 4.080629242903443554e+01
1.725629888591478034e+00 4.224397058045835962e+01
1.713322906105584353e+00 4.373230068637376178e+01
1.701106872679052140e+00 4.527306730509178578e+01
1.688971219364256982e+00 4.686811786808203806e+01
1.676904342756984967e+00 4.851936489510573125e+01
1.664893743155877459e+00 5.022878828739182211e+01
1.652926166495438887e+00 5.199843770160573797e+01
1.640987747338834124e+00 5.383043500745719001e+01
1.629064150347793616e+00 5.572697683189409190e+01
1.617140707861896010e+00 5.769033719293283013e+01
1.605202551508687847e+00 5.972287022628300690e+01
1.593234736114388372e+00 6.182701300803600475e+01
1.581222354574731925e+00 6.400528847680196520e+01
1.569150642757329184e+00 6.626030845879893150e+01
1.557005073920625371e+00 6.859477679952097162e+01
1.544771442531440275e+00 7.101149260574072741e+01
1.532435937726279951e+00 7.351335360173347055e+01
1.519985206977736203e+00 7.610335960374688113e+01
1.507406410785925299e+00 7.878461611688251764e+01
1.494687269410014396e+00 8.156033805870180231e+01
1.481816102783862110e+00 8.443385361402125966e+01
1.468781864823287764e+00 8.740860822551920251e+01
1.455574173334363230e+00 9.048816872493844699e+01
1.442183336678364070e+00 9.367622760983836372e+01
1.428600378247366853e+00 9.697660747102503365e+01
1.414817059663830978e+00 1.003932655759673338e+02
1.400825903447650012e+00 1.039302986136949727e+02
1.386620215704603698e+00 1.075919476068674498e+02
1.372194109191087197e+00 1.113826029969043248e+02
1.357542526910350933e+00 1.153068099082736637e+02
1.342661266204345782e+00 1.193692735982502455e+02
1.327547003130161274e+00 1.235748650986788562e+02
1.312197316757921284e+00 1.279286270565066559e+02
1.296610712903099039e+00 1.324357797800885521e+02
1.280786646714416888e+00 1.371017274985132985e+02
1.264725543480983205e+00 1.419320648414581285e+02
1.248428816999380464e+00 1.469325835473394761e+02
1.231898884851584386e+00 1.521092794078037684e+02
1.215139179984642270e+00 1.574683594568856506e+02
1.198154158048219786e+00 1.630162494134517033e+02
1.180949300030480043e+00 1.687596013858556603e+02
1.163531109829592625e+00 1.747053018480429216e+02
1.145907106500393402e+00 1.808604798966652538e+02
1.128085811016592777e+00 1.872325157991104732e+02
1.110076727482255610e+00 1.938290498426932800e+02
1.091890318807219762e+00 2.006579914956188304e+02
1.073537976925955206e+00 2.077275288907045763e+02
1.055031987686479100e+00 2.150461386432279483e+02
1.036385490564911693e+00 2.226225960146765033e+02
1.017612433373789038e+00 2.304659854345850079e+02
9.987275221309370732e-01 2.385857113930732396e+02
9.797461662446890207e-01 2.469915097171498815e+02
9.606844191549482881e-01 2.556934592442994472e+02
9.415589145530486315e-01 2.647019939073497881e+02
9.223867982912541397e-01 2.740279152451133200e+02
9.031856560894098163e-01 2.836824053537966961e+02
8.839734371552110392e-01 2.936770402947143452e+02
8.647683738583898938e-01 3.040238039743803142e+02
8.455888976393158840e-01 3.147351025136165390e+02
8.264535513894061269e-01 3.258237791229144023e+02
8.073808986136959964e-01 3.373031295018794253e+02
7.883894297732436662e-01 3.491869177812262706e+02
7.694974663041922458e-01 3.614893930264398136e+02
7.507230629182159998e-01 3.742253063228860697e+02
7.320839089019655077e-01 3.874099284628656505e+02
7.135972292470841305e-01 4.010590682558129174e+02
6.952796865531477577e-01 4.151890914835926196e+02
6.771472847492228109e-01 4.298169405236296257e+02
6.592152757714280220e-01 4.449601546633937801e+02
6.414980704097937858e-01 4.606368911306008727e+02
6.240091545939249196e-01 4.768659468643463129e+02
6.067610124198541399e-01 4.936667810532706540e+02
5.897650572267005842e-01 5.110595384677880020e+02
5.730315720084452336e-01 5.290650736143519453e+02
5.565696603909426887e-01 5.477049757407125981e+02
5.403872093153780920e-01 5.670015947221602346e+02
5.244908644457960678e-01 5.869780678597829819e+02
5.088860191597661675e-01 6.076583476228761356e+02
4.935768177884777841e-01 6.290672303687683780e+02
4.785661735473823453e-01 6.512303860744912072e+02
4.638558013437518723e-01 6.741743891159555915e+02
4.494462653674577424e-01 6.979267501315315485e+02
4.353370410711386307e-01 7.225159490082345428e+02
4.215265908323688748e-01 7.479714690300777420e+02
4.080124522712018642e-01 7.743238322295309217e+02
3.947913378802839213e-01 8.016046359844719973e+02
3.818592443212561749e-01 8.298465909045183935e+02
3.692115694605651033e-01 8.590835600521539845e+02
3.568432349705130124e-01 8.893505995456918072e+02
3.447488121177633702e-01 9.206840005927539323e+02
3.329226482112832564e-01 9.531213330046540477e+02
3.213589910935982230e-01 9.867014902438811532e+02
3.100521090404707580e-01 1.021464736058679705e+03
2.989964034898838219e-01 1.057452752760649219e+03
2.881865121543045194e-01 1.094708691203255285e+03
2.776174002806255370e-01 1.133277222521160866e+03
2.672844381068175124e-01 1.173204591692435315e+03
2.571834629169490460e-01 1.214538672987856899e+03
2.473108245073605826e-01 1.257329027373782083e+03
2.376634133339719512e-01 1.301626961937428860e+03
2.282386710989524337e-01 1.347485591405816649e+03
2.190345840371337172e-01 1.394959901832124160e+03
2.100496596601809929e-01 1.444106816525839122e+03
2.012828881906972844e-01 1.494985264305729970e+03
1.927336903505915411e-01 1.547656250157504246e+03
1.844018535411019455e-01 1.602182928380860858e+03
1.762874587510274704e-01 1.658630678313630369e+03
1.683908007433978782e-01 1.717067182723825454e+03
1.607123041912847383e-01 1.777562508963576420e+03
1.532524384573101528e-01 1.840189192982260920e+03
1.460116336398117609e-01 1.905022326299578936e+03
1.389902003472039682e-01 1.972139646042820686e+03
1.321882554205587035e-01 2.041621628156325869e+03
1.256056555160799393e-01 2.113551583894879968e+03
1.192419400998251111e-01 2.188015759716722187e+03
1.130962850142557818e-01 2.265103440695987047e+03
1.071674673680900608e-01 2.344907057578533568e+03
1.014538420950136521e-01 2.427522297609546513e+03
9.595333013918949661e-02 2.513048219265798252e+03
9.066341786993727114e-02 2.601587371030112990e+03
8.558116701529802639e-02 2.693245914350482508e+03
8.070323414211172386e-02 2.788133750931257055e+03
7.602589850306651353e-02 2.886364654508997319e+03
7.154509692019844769e-02 2.988056407271062653e+03
6.725646427812302652e-02 3.093330941080445427e+03
6.315537815527781651e-02 3.202314483676209875e+03
5.923700612257042086e-02 3.315137710024849639e+03
5.549635428006730042e-02 3.431935899003987743e+03
5.192831567740636978e-02 3.552849095606351511e+03
4.852771736631286692e-02 3.678022278858482423e+03
4.528936495823777247e-02 3.807605535655489348e+03
4.220808370168607770e-02 3.941754240720344569e+03
3.927875524794110368e-02 4.080629242903443810e+03
3.649634943693154387e-02 4.224397058045833546e+03
3.385595060376892645e-02 4.373230068637377371e+03
3.135277807815921303e-02 4.527306730509178124e+03
2.898220072075290143e-02 4.686811786808199031e+03
2.673974550983140158e-02 4.851936489510570937e+03
2.462110035566218019e-02 5.022878828739183518e+03
2.262211147534696001e-02 5.199843770160573513e+03
2.073877580480989330e-02 5.383043500745719030e+03
1.896722905337374851e-02 5.572697683189406234e+03
1.730373011681265311e-02 5.769033719293282957e+03
1.574464265365660073e-02 5.972287022628300292e+03
1.428641469398494665e-02 6.182701300803594677e+03
1.292555718763212236e-02 6.400528847680193394e+03
1.165862240795598193e-02 6.626030845879892695e+03
1.048218310725692118e-02 6.859477679952095968e+03
9.392813270718714663e-03 7.101149260574073196e+03
8.387071238560171033e-03 7.351335360173342451e+03
7.461485863225360456e-03 7.610335960374687602e+03
6.612546243267222734e-03 7.878461611688252560e+03
5.836695432454502147e-03 8.156033805870171818e+03
5.130328366788191805e-03 8.443385361402120907e+03
4.489794089438766365e-03 8.740860822551921956e+03
3.911402190419673540e-03 9.048816872493844130e+03
3.391433220535142786e-03 9.367622760983835178e+03
2.926152694035150537e-03 9.697660747102498135e+03
2.511828167237248159e-03 1.003932655759673435e+04
2.144748776097704038e-03 1.039302986136949767e+04
1.821246538239660630e-03 1.075919476068673430e+04
1.537718676924510787e-03 1.113826029969042975e+04
1.290650207141834024e-03 1.153068099082736626e+04
1.076636037212251465e-03 1.193692735982502563e+04
8.924018814597655530e-04 1.235748650986788562e+04
7.348233477361797031e-04 1.279286270565066479e+04
6.009426538868957272e-04 1.324357797800884146e+04
4.879825347851083185e-04 1.371017274985133008e+04
3.933570208946169234e-04 1.419320648414579955e+04
3.146788947246835955e-04 1.469325835473394727e+04
2.497637572954343834e-04 1.521092794078037696e+04
1.966307574067729263e-04 1.574683594568855005e+04
1.535001472035047473e-04 1.630162494134516601e+04
1.187879241036156233e-04 1.687596013858556398e+04
9.109789836290323151e-05 1.747053018480431274e+04
6.921158515968326666e-05 1.808604798966652743e+04
5.207635894012051301e-05 1.872325157991102969e+04
3.879232577971971968e-05 1.938290498426932754e+04
2.859836761546945066e-05 2.006579914956188441e+04
2.085779222268263101e-05 2.077275288907043796e+04
1.504398734726962184e-05 2.150461386432279323e+04
1.072642962853179844e-05 2.226225960146765283e+04
7.557342391293372169e-06 2.304659854345847634e+04
5.259234716353694402e-06 2.385857113930732157e+04
3.613490993487088038e-06 2.469915097171496382e+04
2.450118705231973564e-06 2.556934592442994108e+04
1.638705296422536480e-06 2.647019939073497881e+04
1.080584867373020530e-06 2.740279152451130358e+04
7.021736226980267792e-07 2.836824053537966756e+04
4.494003466640331451e-07 2.936770402947143521e+04
2.831348240654151343e-07 3.040238039743805712e+04
1.755026568308604441e-07 3.147351025136165117e+04
1.069684396985539211e-07 3.258237791229140203e+04
6.406951475156406352e-08 3.373031295018794481e+04
3.768809363109154518e-08 3.491869177812262933e+04
2.175893356409299471e-08 3.614893930264393566e+04
1.232156115794478953e-08 3.742253063228860992e+04
6.838997903622359779e-09 3.874099284628657188e+04
3.718016174248000561e-09 4.010590682558125263e+04
1.978357666868259400e-09 4.151890914835926378e+04
1.029543147511195428e-09 4.298169405236291641e+04
5.235888580451867554e-10 4.449601546633937687e+04
2.600101196852404905e-10 4.606368911306009250e+04
1.259736226886323990e-10 4.768659468643458968e+04
5.949509414545967172e-11 4.936667810532706062e+04
2.736555270481977120e-11 5.110595384677880065e+04
1.224741458381172972e-11 5.290650736143525137e+04
5.328231546149502817e-12 5.477049757407126890e+04
2.251058760747714399e-12 5.670015947221595707e+04
9.225862405846833871e-13 5.869780678597828955e+04
3.664198840855360627e-13 6.076583476228761720e+04
1.408711841723501270e-13 6.290672303687676322e+04
5.236469561218675624e-14 6.512303860744912527e+04
1.879805700580180588e-14 6.741743891159555642e+04
6.508963275462608709e-15 6.979267501315308618e+04
2.171115279720151325e-15 7.225159490082344564e+04
6.967138052323369312e-16 7.479714690300769871e+04
2.148001304286579794e-16 7.743238322295309626e+04
6.353463329568639905e-17 8.016046359844721155e+04
1.800313172099349866e-17 8.298465909045175067e+04
4.879670183375733631e-18 8.590835600521539163e+04
1.263158812491201513e-18 8.893505995456919482e+04
3.117789346741874040e-19 9.206840005927548918e+04
7.325349666223811343e-20 9.531213330046540068e+04
1.635492344633398199e-20 9.867014902438799618e+04
3.463589775057138643e-21 1.021464736058679555e+05
6.944705994609560967e-22 1.057452752760649309e+05
1.315812444994741892e-22 1.094708691203254275e+05
2.351151261238268721e-23 1.133277222521160875e+05
3.953819445747856046e-24 1.173204591692435206e+05
6.244165554811277910e-25 1.214538672987855680e+05
9.240430870326249084e-26 1.257329027373782010e+05
1.278425237088861786e-26 1.301626961937427695e+05
1.649657393856230795e-27 1.347485591405816667e+05
1.980529023765204425e-28 1.394959901832124160e+05
2.206652006722764287e-29 1.444106816525837639e+05
2.275668178695719386e-30 1.494985264305729943e+05
2.166324323708815770e-31 1.547656250157504110e+05
1.898247303858728985e-32 1.602182928380862286e+05
1.526613365624400722e-33 1.658630678313630342e+05
1.123413894445681308e-34 1.717067182723823644e+05
7.540953297492497299e-36 1.777562508963576402e+05
4.602373261912479896e-37 1.840189192982261011e+05
2.545366894459040035e-38 1.905022326299577253e+05
1.271230921188459908e-39 1.972139646042820823e+05
5.712726524952617889e-41 2.041621628156325896e+05
2.301398335915185152e-42 2.113551583894877404e+05
8.279365487404938464e-44 2.188015759716722241e+05
2.649279722918838814e-45 2.265103440695984755e+05
7.509165535615013589e-47 2.344907057578533713e+05
1.877297468574568469e-48 2.427522297609546222e+05
4.121270702738359413e-50 2.513048219265795487e+05
7.908556467603431134e-52 2.601587371030112845e+05
1.320300132026884334e-53 2.693245914350482635e+05
1.908210538355084580e-55 2.788133750931259710e+05
2.375482369985426055e-57 2.886364654508997337e+05
2.533758521964378111e-59 2.988056407271059579e+05
2.303042983191163615e-61 3.093330941080445191e+05
1.773840193796075310e-63 3.202314483676209929e+05
1.150982028606557175e-65 3.315137710024846019e+05
6.253755467294036429e-68 3.431935899003987433e+05
2.827586015944199440e-70 3.552849095606351621e+05
1.057016888825924043e-72 3.678022278858478530e+05
3.245104926162927794e-75 3.807605535655489657e+05
8.125372514021446113e-78 3.941754240720340749e+05
1.647427790784991135e-80 4.080629242903443519e+05
2.684658335091035915e-83 4.224397058045833837e+05
3.489380885343502678e-86 4.373230068637372460e+05
3.588590243986171944e-89 4.527306730509178597e+05
2.896229701636166638e-92 4.686811786808199249e+05
1.818725054090280620e-95 4.851936489510576357e+05
8.808189019586110227e-99 5.022878828739182791e+05
3.259996079565232880e-102 5.199843770160568529e+05
9.133636365246101309e-106 5.383043500745719066e+05
1.918257425206784233e-109 5.572697683189406525e+05
2.989488305234649487e-113 5.769033719293277245e+05
3.420964250988052886e-117 5.972287022628301056e+05
2.843387099634359353e-121 6.182701300803594058e+05
1.697331941691525470e-125 6.400528847680188483e+05
7.192437884801680457e-130 6.626030845879892586e+05
2.137571998071519924e-134 6.859477679952089675e+05
4.400202932602903449e-139 7.101149260574072832e+05
6.193166746110675297e-144 7.351335360173343215e+05
5.880628817318264558e-149 7.610335960374679416e+05
3.715211609162171677e-154 7.878461611688253470e+05
1.539422500233858171e-159 8.156033805870172800e+05
4.121854347997043433e-165 8.443385361402130220e+05
7.022741035300872566e-171 8.740860822551921010e+05
7.493472845474689720e-177 9.048816872493834235e+05
4.925628729563647665e-183 9.367622760983835906e+05
1.960783158920699353e-189 9.697660747102496680e+05
4.644221936381055248e-196 1.003932655759672401e+06
6.426398409094059940e-203 1.039302986136949854e+06
5.097644001082564792e-210 1.075919476068673423e+06
2.273027428779337837e-217 1.113826029969041701e+06
5.582893595971252872e-225 1.153068099082736531e+06
7.396209136586290369e-233 1.193692735982501181e+06
5.171402761857961300e-241 1.235748650986788562e+06
