1.106170781280765326e-02 4.921095789949568200e+00
1.225540411438356264e-02 5.094474734154773365e+00
1.355791339442723349e-02 5.273962126473324297e+00
1.497650999788092963e-02 5.459773178380429748e+00
1.651864103151176599e-02 5.652130683633786568e+00
1.819189534152725746e-02 5.851265285410826245e+00
2.000396917952818737e-02 6.057415752857725266e+00
2.196262876277084442e-02 6.270829267381735406e+00
2.407566998729533669e-02 6.491761719030048283e+00
2.635087559895927037e-02 6.720478013310662746e+00
2.879597016608407070e-02 6.957252388823080835e+00
3.141857322668258762e-02 7.202368746079685913e+00
3.422615100211674755e-02 7.456120987912121301e+00
3.722596707702531538e-02 7.718813371870719919e+00
4.042503244304791743e-02 7.990760875039653044e+00
4.383005529208925527e-02 8.272289571705163880e+00
4.744739092591918062e-02 8.563737024329666880e+00
5.128299212549516234e-02 8.865452688300623052e+00
5.534236029903621956e-02 9.177798330939396010e+00
5.963049770674757472e-02 9.501148465272551746e+00
6.415186104646021514e-02 9.835890799085717617e+00
6.891031668264703536e-02 1.018242669979832193e+01
7.390909781515433985e-02 1.054117167571677705e+01
7.915076391672089262e-02 1.091255587424308260e+01
8.463716282147566716e-02 1.129702459763608147e+01
9.036939592068136962e-02 1.169503883694403967e+01
9.634778701495465281e-02 1.210707582474854149e+01
1.025718554802295679e-01 1.253362960738253307e+01
1.090402945218853226e-01 1.297521163730871052e+01
1.157509554091090132e-01 1.343235138636828552e+01
1.227008386898593983e-01 1.390559698063574778e+01
1.298860934739789474e-01 1.439551585764066388e+01
1.373020259256711173e-01 1.490269544674445790e+01
1.449431181144868741e-01 1.542774387348820042e+01
1.528030583244193996e-01 1.597129068875576507e+01
1.608747838044031209e-01 1.653398762362668606e+01
1.691505367533650550e-01 1.711650937082391266e+01
1.776219340661937263e-01 1.771955439369317276e+01
1.862800510248625030e-01 1.834384576368428910e+01
1.951155187078074948e-01 1.899013202733844352e+01
2.041186344220552451e-01 1.965918810382078163e+01
2.132794839529012498e-01 2.035181621407484087e+01
2.225880738961431293e-01 2.106884684271270203e+01
2.320344718124945638e-01 2.181113973379418880e+01
2.416089514496878587e-01 2.257958492168926057e+01
2.513021398428680886e-01 2.337510379825930684e+01
2.611051627551583265e-01 2.419865021763731505e+01
2.710097846824351397e-01 2.505121163993143796e+01
2.810085395397996511e-01 2.593381031522302038e+01
2.910948481869546911e-01 2.684750450927923637e+01
3.012631191434515521e-01 2.779338977244966458e+01
3.115088291931464859e-01 2.877260025326826920e+01
3.218285810723125473e-01 2.978631005833613798e+01
3.322201360622284438e-01 3.083573466011494801e+01
3.426824200419370525e-01 3.192213235431980323e+01
3.532155023714154685e-01 3.304680576865858654e+01
3.638205478360882483e-01 3.421110342472661614e+01
3.744997427544778934e-01 3.541642135492990917e+01
3.852561971945769326e-01 3.666420477637543485e+01
3.960938260255291166e-01 3.795594982373538073e+01
4.070172122165226503e-01 3.929320534316359215e+01
4.180314563562262387e-01 4.067757474941444684e+01
4.291420167811902942e-01 4.211071794839164539e+01
4.403545449550208546e-01 4.359435332743191793e+01
4.516747208232476662e-01 4.513025981570945788e+01
4.631080927807923464e-01 4.672027901723256349e+01
4.746599266354440405e-01 4.836631741898929704e+01
4.863350675440901161e-01 5.007034867689007029e+01
4.981378183561433470e-01 5.183441598224822400e+01
5.100718371427657161e-01 5.366063451163550724e+01
5.221400559468316604e-01 5.555119396305068591e+01
5.343446219851157863e-01 5.750836118144187736e+01
5.466868617006587217e-01 5.953448287673043637e+01
5.591672672300456171e-01 6.163198843759580825e+01
5.717855040474332240e-01 6.380339284439503444e+01
5.845404378037373228e-01 6.605129968470963320e+01
5.974301777223283150e-01 6.837840427513539510e+01
6.104521333660984928e-01 7.078749689305844583e+01
6.236030811749504466e-01 7.328146612229251389e+01
6.368792369030382705e-01 7.586330231658911316e+01
6.502763299708680389e-01 7.853610118517308081e+01
6.637896757919661272e-01 8.130306750460292164e+01
6.774142423330705709e-01 8.416751896140679889e+01
6.911447075100912718e-01 8.713289013010124506e+01
7.049755044914749469e-01 9.020273659136265110e+01
7.189008525527563753e-01 9.338073919528899580e+01
7.329147717724610045e-01 9.667070847486412788e+01
7.470110805489236228e-01 1.000765892149162681e+02
7.611833756172241561e-01 1.036024651820487890e+02
7.754249949236839967e-01 1.072525640212148943e+02
7.897289643429731276e-01 1.110312623248075141e+02
8.040879297753995569e-01 1.149430908803421545e+02
8.184940766205393015e-01 1.189927401030249143e+02
8.329390389760582547e-01 1.231850656597193279e+02
8.474138011522194258e-01 1.275250942910558507e+02
8.619085942250106491e-01 1.320180298386646029e+02
8.764127903817787724e-01 1.366692594847580438e+02
8.909147977553194542e-01 1.414843602115450381e+02
9.054019583115779923e-01 1.464691054882220556e+02
9.198604511703759590e-01 1.516294721935587688e+02
9.342752035158885526e-01 1.569716477823783976e+02
9.486298110110898962e-01 1.625020377045260318e+02
9.629064693828058852e-01 1.682272730852202756e+02
9.770859186031208843e-01 1.741542186759978676e+02
9.911474008671932179e-01 1.802899810857835234e+02
1.005068633362022901e+00 1.866419173019550044e+02
1.018825796637484959e+00 1.932176435116208211e+02
1.032393539229364832e+00 2.000250442336875381e+02
1.045744999041912759e+00 2.070722817726649509e+02
1.058851841871240040e+00 2.143678060055462993e+02
1.071684317336649039e+00 2.219203645134976739e+02
1.084211332381253445e+00 2.297390130705049955e+02
1.096400542402668377e+00 2.378331265015540907e+02
1.108218459976714421e+00 2.462124099233639072e+02
1.119630581040195194e+00 2.548869103811509547e+02
1.130601528301618197e+00 2.638670288953778709e+02
1.141095211550327448e+00 2.731635329329295701e+02
1.151075004433990800e+00 2.827875693176715686e+02
1.160503937170628275e+00 2.927506775958698881e+02
1.169344904552773290e+00 3.030648038724993967e+02
1.177560888486040014e+00 3.137423151350285480e+02
1.185115194179787279e+00 3.247960140818571517e+02
1.191971698971055593e+00 3.362391544731860904e+02
1.198095112611818891e+00 3.480854570227262457e+02
1.203451247681367464e+00 3.603491258492998099e+02
1.208007298598540613e+00 3.730448655080599565e+02
1.211732127501698342e+00 3.861878986217523106e+02
1.214596555038046644e+00 3.997939841331565276e+02
1.216573653859946536e+00 4.138794362005932612e+02
1.217639042367325564e+00 4.284611437591531171e+02
1.217771175967029551e+00 4.435565907711034015e+02
1.216951632848080944e+00 4.591838771897531046e+02
1.215165391003994566e+00 4.753617406619104031e+02
1.212401092978306893e+00 4.921095789949567916e+02
1.208651294577195445e+00 5.094474734154767930e+02
1.203912693594016314e+00 5.273962126473319358e+02
1.198186334436069034e+00 5.459773178380430636e+02
1.191477784445085675e+00 5.652130683633787385e+02
1.183797277671266857e+00 5.851265285410826209e+02
1.175159821906975210e+00 6.057415752857724556e+02
1.165585264920421027e+00 6.270829267381735690e+02
1.155098316060788388e+00 6.491761719030048425e+02
1.143728519741403327e+00 6.720478013310655570e+02
1.131510177751917201e+00 6.957252388823073943e+02
1.118482217906783482e+00 7.202368746079685025e+02
1.104688007205285150e+00 7.456120987912121336e+02
1.090175108454602082e+00 7.718813371870720630e+02
1.074994980184819537e+00 7.990760875039651410e+02
1.059202620652499593e+00 8.272289571705163098e+02
1.042856157772711123e+00 8.563737024329667520e+02
1.026016387919357120e+00 8.865452688300613318e+02
1.008746267667754548e+00 9.177798330939386915e+02
9.911103636953663143e-01 9.501148465272552812e+02
9.731742671771238529e-01 9.835890799085717617e+02
9.550039800790247613e-01 1.018242669979832158e+03
9.366652817341131199e-01 1.054117167571677783e+03
9.182230849442762910e-01 1.091255587424308032e+03
8.997407915557203983e-01 1.129702459763608204e+03
8.812796579732985469e-01 1.169503883694402930e+03
8.628981813800142842e-01 1.210707582474852870e+03
8.446515174883194588e-01 1.253362960738253605e+03
8.265909404503801738e-01 1.297521163730870967e+03
8.087633550836353935e-01 1.343235138636828424e+03
7.912108708220739750e-01 1.390559698063574615e+03
7.739704457882845556e-01 1.439551585764066658e+03
7.570736081115857496e-01 1.490269544674445797e+03
7.405462601183037119e-01 1.542774387348818436e+03
7.244085693259481040e-01 1.597129068875574831e+03
7.086749483267990035e-01 1.653398762362668776e+03
6.933541236989756440e-01 1.711650937082391238e+03
6.784492920912471581e-01 1.771955439369316991e+03
6.639583596522571352e-01 1.834384576368428725e+03
6.498742590779095218e-01 1.899013202733844537e+03
6.361853367938996584e-01 1.965918810382078163e+03
6.228758012318343917e-01 2.035181621407481998e+03
6.099262218492039755e-01 2.106884684271268270e+03
5.973140675294315027e-01 2.181113973379418894e+03
5.850142723117626176e-01 2.257958492168926114e+03
5.729998160634958149e-01 2.337510379825930613e+03
5.612423077275323635e-01 2.419865021763731420e+03
5.497125591517251220e-01 2.505121163993143909e+03
5.383811382150381908e-01 2.593381031522301782e+03
5.272188909787189903e-01 2.684750450927921065e+03
5.161974238671545034e-01 2.779338977244963189e+03
5.052895383722627587e-01 2.877260025326826963e+03
4.944696124196887865e-01 2.978631005833613472e+03
4.837139242729091015e-01 3.083573466011494475e+03
4.730009166190214942e-01 3.192213235431980138e+03
4.623114002149052437e-01 3.304680576865858711e+03
4.516286981155159808e-01 3.421110342472661614e+03
4.409387330040628328e-01 3.541642135492987563e+03
4.302300614513820953e-01 3.666420477637539989e+03
4.194938600130456163e-01 3.795594982373538187e+03
4.087238689024147997e-01 3.929320534316359044e+03
3.979162995420787996e-01 4.067757474941444343e+03
3.870697125924720261e-01 4.211071794839164795e+03
3.761848730937312202e-01 4.359435332743192703e+03
3.652645891541260736e-01 4.513025981570946897e+03
3.543135402037947967e-01 4.672027901723251489e+03
3.433381002415951677e-01 4.836631741898924702e+03
3.323461607764997550e-01 5.007034867689007115e+03
3.213469573471439134e-01 5.183441598224821973e+03
3.103509026387632486e-01 5.366063451163550781e+03
2.993694283491655783e-01 5.555119396305066402e+03
2.884148371243368536e-01 5.750836118144187822e+03
2.775001651240915357e-01 5.953448287673043524e+03
2.666390551162087785e-01 6.163198843759574629e+03
2.558456394533796807e-01 6.380339284439501171e+03
2.451344318723779336e-01 6.605129968470962922e+03
2.345202267724971201e-01 6.837840427513539908e+03
2.240180044765185396e-01 7.078749689305845095e+03
2.136428409419758867e-01 7.328146612229247694e+03
2.034098204582442393e-01 7.586330231658910634e+03
1.933339500176570747e-01 7.853610118517308365e+03
1.834300742664571604e-01 8.130306750460285002e+03
1.737127902038097249e-01 8.416751896140674944e+03
1.641963610852588684e-01 8.713289013010124108e+03
1.548946292838843108e-01 9.020273659136264541e+03
1.458209281536780033e-01 9.338073919528900660e+03
1.369879932138502732e-01 9.667070847486409548e+03
1.284078732214143093e-01 1.000765892149162755e+04
1.200918419166451950e-01 1.036024651820487998e+04
1.120503114082605500e-01 1.072525640212147846e+04
1.042927483106411701e-01 1.110312623248074669e+04
9.682759385352325554e-02 1.149430908803421516e+04
8.966218925559868436e-02 1.189927401030249166e+04
8.280270768808904724e-02 1.231850656597193483e+04
7.625409415345389685e-02 1.275250942910557933e+04
7.002001456890412368e-02 1.320180298386646064e+04
6.410281527521888290e-02 1.366692594847580222e+04
5.850349408944571089e-02 1.414843602115448812e+04
5.322168388650047599e-02 1.464691054882219760e+04
4.825564953081439706e-02 1.516294721935587404e+04
4.360229878680897675e-02 1.569716477823784044e+04
3.925720761852036222e-02 1.625020377045260284e+04
3.521466004725337662e-02 1.682272730852201857e+04
3.146770247570976342e-02 1.741542186759978722e+04
2.800821211246817474e-02 1.802899810857835109e+04
2.482697884777556804e-02 1.866419173019547816e+04
2.191379964700367403e-02 1.932176435116207722e+04
1.925758424923545986e-02 2.000250442336875494e+04
1.684647069328591359e-02 2.070722817726649737e+04
1.466794895042149334e-02 2.143678060055462993e+04
1.270899073057936424e-02 2.219203645134975523e+04
1.095618335524369338e-02 2.297390130705049887e+04
9.395865462928696885e-03 2.378331265015541067e+04
8.014262239075732597e-03 2.462124099233636662e+04
6.797617846341032569e-03 2.548869103811508103e+04
5.732322777215912921e-03 2.638670288953778800e+04
4.805033960087613798e-03 2.731635329329295564e+04
4.002785621288844180e-03 2.827875693176715504e+04
3.313089135963772323e-03 2.927506775958697108e+04
2.724020383726761477e-03 3.030648038724993967e+04
2.224293452686660743e-03 3.137423151350285843e+04
1.803319896807780874e-03 3.247960140818568107e+04
1.451253134302465421e-03 3.362391544731859176e+04
1.159017964988561748e-03 3.480854570227262593e+04
9.183255677940082087e-04 3.603491258492997440e+04
7.216747013585884506e-04 3.730448655080598837e+04
5.623401572432091622e-04 3.861878986217521015e+04
4.343497944011519003e-04 3.997939841331565549e+04
3.324517052898281057e-04 4.138794362005932635e+04
2.520732210891678715e-04 4.284611437591526919e+04
1.892735519396281725e-04 4.435565907711032196e+04
1.406918773541654454e-04 4.591838771897531115e+04
1.034926548799859917e-04 4.753617406619104440e+04
7.530980780446223108e-05 4.921095789949568280e+04
5.419129412851356089e-05 5.094474734154767793e+04
3.854536025864592437e-05 5.273962126473314129e+04
2.708955639783433838e-05 5.459773178380430181e+04
1.880334952065183769e-05 5.652130683633781155e+04
1.288492689559949934e-05 5.851265285410825891e+04
8.712550090517520430e-06 6.057415752857724874e+04
5.810606242988989200e-06 6.270829267381729733e+04
3.820317830127053423e-06 6.491761719030047971e+04
2.474919426866350557e-06 6.720478013310655660e+04
1.578992583666585421e-06 6.957252388823080400e+04
9.915680927520621755e-07 7.202368746079686389e+04
6.125564966802678519e-07 7.456120987912114651e+04
3.720489656018722347e-07 7.718813371870720584e+04
2.220366931650499711e-07 7.990760875039652456e+04
1.301221720881476689e-07 8.272289571705154958e+04
7.483443741139977712e-08 8.563737024329666747e+04
4.220727020026896485e-08 8.865452688300612499e+04
2.332976622555661791e-08 9.177798330939377774e+04
1.262880163600324436e-08 9.501148465272551402e+04
6.689950870171950573e-09 9.835890799085707113e+04
3.465467948886012083e-09 1.018242669979832135e+05
1.754027907183552571e-09 1.054117167571677710e+05
8.667466675885350258e-10 1.091255587424307014e+05
4.177936686494345789e-10 1.129702459763608204e+05
1.962752366876249642e-10 1.169503883694402903e+05
8.978623243857571385e-11 1.210707582474854134e+05
3.995648823412591020e-11 1.253362960738253460e+05
1.728130722750949959e-11 1.297521163730869594e+05
7.256732712784771334e-12 1.343235138636828633e+05
2.955487182479579494e-12 1.390559698063574615e+05
1.166199076585581329e-12 1.439551585764065094e+05
4.453359225581995046e-13 1.490269544674445933e+05
1.643890508395532344e-13 1.542774387348818418e+05
5.858807271256865198e-14 1.597129068875573284e+05
2.013536269170397760e-14 1.653398762362668640e+05
6.664498140450593861e-15 1.711650937082389428e+05
2.121570305955179037e-15 1.771955439369317028e+05
6.486842246961894016e-16 1.834384576368429116e+05
1.902296128336861242e-16 1.899013202733842772e+05
5.342604175815646571e-17 1.965918810382077936e+05
1.434817499699979280e-17 2.035181621407482016e+05
3.678955416791902733e-18 2.106884684271270526e+05
8.991411286676391495e-19 2.181113973379419185e+05
2.091091306220035579e-19 2.257958492168923840e+05
4.619557628210177963e-20 2.337510379825930577e+05
9.676621376721487336e-21 2.419865021763731493e+05
1.918355440148204496e-21 2.505121163993141090e+05
3.592309139385044069e-22 2.593381031522301782e+05
6.341401637843012175e-23 2.684750450927920756e+05
1.053078269874068691e-23 2.779338977244960843e+05
1.641590988316774194e-24 2.877260025326826726e+05
2.396791907443183945e-25 2.978631005833610543e+05
3.270053123004724828e-26 3.083573466011494747e+05
4.159117015854924807e-27 3.192213235431979992e+05
4.919211830351087820e-28 3.304680576865854673e+05
5.396675841400264086e-29 3.421110342472661287e+05
5.477000330367971265e-30 3.541642135492987582e+05
5.128064609946577772e-31 3.666420477637543809e+05
4.416977455192459747e-32 3.795594982373537496e+05
3.489643681391992668e-33 3.929320534316354897e+05
2.521154415974125862e-34 4.067757474941443652e+05
1.660397046263613181e-35 4.211071794839164941e+05
9.935782559028465338e-37 4.359435332743187901e+05
5.383979469819653872e-38 4.513025981570946751e+05
2.632678378211444990e-39 4.672027901723252144e+05
1.157480631445002716e-40 4.836631741898920154e+05
4.558523759805794919e-42 5.007034867689007078e+05
1.601935430508160489e-43 5.183441598224817426e+05
5.003022715973218174e-45 5.366063451163549908e+05
1.382870733921645630e-46 5.555119396305066766e+05
3.368400351093384091e-48 5.750836118144181091e+05
7.198207452723418353e-50 5.953448287673043087e+05
1.343324466320201934e-51 6.163198843759574229e+05
2.178814313920108519e-53 6.380339284439506009e+05
3.056300273332008322e-55 6.605129968470963649e+05
3.688811706090756349e-57 6.837840427513533505e+05
3.810583678111371315e-59 7.078749689305844950e+05
3.350656529693598500e-61 7.328146612229247112e+05
2.493656702964429773e-63 7.586330231658903649e+05
1.561564284518950815e-65 7.853610118517308729e+05
8.178199783974300527e-68 8.130306750460284529e+05
3.559551906731621075e-70 8.416751896140666213e+05
1.279208916135546849e-72 8.713289013010124909e+05
3.770206821127682566e-75 9.020273659136255737e+05
9.049658160141765571e-78 9.338073919528899714e+05
1.756310623374196201e-80 9.667070847486408893e+05
2.735399850402272446e-83 1.000765892149161780e+06
3.392534415176466344e-86 1.036024651820487925e+06
3.323737138043653254e-89 1.072525640212147962e+06
2.551057641762937910e-92 1.110312623248075834e+06
1.520793296079987957e-95 1.149430908803421538e+06
6.979269328327893635e-99 1.189927401030248031e+06
2.443075508856730344e-102 1.231850656597193331e+06
6.461112106837826854e-106 1.275250942910558078e+06
1.278295965302816035e-109 1.320180298386644572e+06
1.872701169873979901e-113 1.366692594847580185e+06
2.010116256943125281e-117 1.414843602115449030e+06
1.563616477682770666e-121 1.464691054882218130e+06
8.715026856020866850e-126 1.516294721935587469e+06
3.439823233760354459e-130 1.569716477823782479e+06
9.498438190175871009e-135 1.625020377045260277e+06
1.811968733609382952e-139 1.682272730852201814e+06
2.357071618347365138e-144 1.741542186759976903e+06
2.062814733458127102e-149 1.802899810857835226e+06
1.197701046442350339e-154 1.866419173019548180e+06
4.547357681195989759e-160 1.932176435116209555e+06
1.112225414501329144e-165 2.000250442336875480e+06
1.725524248421451487e-171 2.070722817726647481e+06
1.671007343040462902e-177 2.143678060055463109e+06
9.934677372833785552e-184 2.219203645134975668e+06
3.564366233166479935e-190 2.297390130705047864e+06
7.581166541000640558e-197 2.378331265015541110e+06
9.384576257088424381e-204 2.462124099233636633e+06
6.633398669320494092e-211 2.548869103811506182e+06
2.624982581446824354e-218 2.638670288953778334e+06
5.697832357205846379e-226 2.731635329329293221e+06
6.641973313941743444e-234 2.827875693176715169e+06
4.067957177291588839e-242 2.927506775958697312e+06
1.279675440208762134e-250 3.030648038724990562e+06
2.019635498361377537e-259 3.137423151350286324e+06
1.560781702621734371e-268 3.247960140818568412e+06
5.759460834660621231e-278 3.362391544731862377e+06
9.887387354628553134e-288 3.480854570227262564e+06
7.686566638654214332e-298 3.603491258492994122e+06
2.631557843006537739e-308 3.730448655080599245e+06
3.890174082224807040e-319 3.861878986217520665e+06
0.000000000000000000e+00 3.997939841331561562e+06
0.000000000000000000e+00 4.138794362005932722e+06
0.000000000000000000e+00 4.284611437591526657e+06
0.000000000000000000e+00 4.435565907711027190e+06
0.000000000000000000e+00 4.591838771897531115e+06
0.000000000000000000e+00 4.753617406619098969e+06
0.000000000000000000e+00 4.921095789949567989e+06
