1.399721100546465221e-05 3.115925076803858218e+00
1.706445530193630790e-05 3.225704650926782158e+00
2.078696198395525669e-05 3.339351954406976297e+00
2.529988372842950506e-05 3.457003254218514510e+00
3.076491168418596145e-05 3.578799618262975546e+00
3.737512939463068500e-05 3.704887084514630669e+00
4.536066261737616256e-05 3.835416836124934559e+00
5.499523281764326799e-05 3.970545382696271552e+00
6.660373114040993314e-05 4.110434747942256273e+00
8.057093803348194046e-05 4.255252663959680604e+00
9.735152107738921472e-05 4.405172772344987386e+00
1.174814492357669355e-04 4.560374832396433042e+00
1.415909650707056189e-04 4.721044936651604296e+00
1.704192568282067552e-04 4.887375734018663209e+00
2.048309685788385825e-04 5.059566660768934021e+00
2.458346781199785233e-04 5.237824179667781799e+00
2.946034578664058121e-04 5.422362027530442496e+00
3.524976124951905896e-04 5.613401471499742001e+00
4.210896575202952973e-04 5.811171574352900215e+00
5.021915642055699899e-04 6.015909469155574563e+00
5.978842473093951004e-04 6.227860643592474155e+00
7.105492121757664209e-04 6.447279234315390184e+00
8.429022062170157684e-04 6.674428331661689029e+00
9.980286364214569633e-04 6.909580295108568748e+00
1.179420419510546561e-03 7.153017079841281323e+00
1.391013825388918426e-03 7.405030574826996670e+00
1.637227758792846044e-03 7.665922952799571810e+00
1.923001800910386977e-03 7.936007032574906361e+00
2.253833204642139397e-03 8.215606654131352826e+00
2.635811908120266542e-03 8.505057066904795349e+00
3.075652505403508440e-03 8.804705331764122178e+00
3.580721996336170502e-03 9.114910737149019226e+00
4.159062035534723430e-03 9.436045229868938122e+00
4.819404319861102237e-03 9.768493861079997842e+00
5.571177701813437300e-03 1.011265524797436477e+01
6.424505600098067218e-03 1.046894205173579806e+01
7.390192305297731828e-03 1.083778147233444322e+01
8.479696854484332358e-03 1.121961576075404388e+01
9.705093279227361425e-03 1.161490274926590160e+01
1.107901622086813337e-02 1.202411640038536156e+01
1.261459115713297989e-02 1.244774737516886098e+01
1.432534879514942537e-02 1.288630362153325137e+01
1.622512355470942177e-02 1.334031098330257947e+01
1.832793648647682364e-02 1.381031383071265495e+01
2.064786343369519675e-02 1.429687571312950922e+01
2.319888974068663387e-02 1.480058003476410811e+01
2.599475332179465234e-02 1.532203075419386984e+01
2.904877841241015196e-02 1.586185310852951602e+01
3.237370280913696996e-02 1.642069436309552444e+01
3.598150184728202139e-02 1.699922458752324772e+01
3.988321273835043757e-02 1.759813745918717487e+01
4.408876317623248303e-02 1.821815109494757934e+01
4.860680829807351860e-02 1.886000891219711662e+01
5.344458013708651423e-02 1.952448052024338310e+01
5.860775361663975863e-02 2.021236264309665387e+01
6.410033289988496807e-02 2.092448007476907179e+01
6.992456152548318093e-02 2.166168666823054423e+01
7.608085923282721652e-02 2.242486635920751326e+01
8.256778772252906795e-02 2.321493422605187362e+01
8.938204682956978064e-02 2.403283758695095074e+01
9.651850173455103765e-02 2.487955713579424355e+01
1.039702409353728818e-01 2.575610811805856315e+01
1.117286637846056918e-01 2.666354154812185584e+01
1.197835955065050806e-01 2.760294546946522942e+01
1.281234267820347272e-01 2.857544625927382853e+01
1.367352742690078615e-01 2.958220997900143701e+01
1.456051578414264691e-01 3.062444377251767946e+01
1.547181899155547213e-01 3.170339731351450041e+01
1.640587719998378990e-01 3.282036430390743220e+01
1.736107935719177209e-01 3.397668402502792162e+01
1.833578285487285353e-01 3.517374294346719665e+01
1.932833249645299067e-01 3.641297637349682503e+01
2.033707839863251043e-01 3.769587019805914707e+01
2.136039250471267470e-01 3.902396265039138257e+01
2.239668346285945411e-01 4.039884615841947380e+01
2.344440970342411557e-01 4.182216925413327857e+01
2.450209063187294145e-01 4.329563855023233288e+01
2.556831593339791708e-01 4.482102078641237597e+01
2.664175305775113856e-01 4.640014494774622023e+01
2.772115301465996051e-01 4.803490445769899253e+01
2.880535465841400078e-01 4.972725944840708934e+01
2.989328767284084032e-01 5.147923911094308380e+01
3.098397448383223840e-01 5.329294412838473249e+01
3.207653132583392352e-01 5.517054919460533569e+01
3.317016867226329491e-01 5.711430562180547810e+01
3.426419120961864961e-01 5.912654403991265895e+01
3.535799749387351087e-01 6.120967719108579530e+01
3.645107937901626571e-01 6.336620282267495696e+01
3.754302125513077626e-01 6.559870668210518829e+01
3.863349908120188858e-01 6.790986561727537207e+01
3.972227914973920915e-01 7.030245078618978027e+01
4.080921647983352107e-01 7.277933097967056142e+01
4.189425270526059841e-01 7.534347606113540508e+01
4.297741330677031235e-01 7.799796052756430242e+01
4.405880403384937472e-01 8.074596719592602767e+01
4.513860637109585738e-01 8.359079101948363189e+01
4.621707192700131306e-01 8.653584303855529924e+01
4.729451565660298673e-01 8.958465447046725671e+01
4.837130787164943269e-01 9.274088094360337209e+01
4.944786503961846602e-01 9.600830688062768559e+01
5.052463942291914867e-01 9.939085003613556069e+01
5.160210765868560312e-01 1.028925661941743783e+02
5.268075842478855408e-01 1.065176540312661757e+02
5.376107937655364433e-01 1.102704601507636397e+02
5.484354356927930718e-01 1.141554842945748334e+02
5.592859560274698882e-01 1.181773847385062624e+02
5.701663773495012633e-01 1.223409838776939438e+02
5.810801621329269029e-01 1.266512740088189304e+02
5.920300806313208986e-01 1.311134233160402687e+02
6.030180855680756791e-01 1.357327820678230808e+02
6.140451956255918997e-01 1.405148890320923556e+02
6.251113894354590750e-01 1.454654781174036202e+02
6.362155114416854218e-01 1.505904852480937564e+02
6.473551906572690973e-01 1.558960554816558215e+02
6.585267729768183864e-01 1.613885503768714784e+02
6.697252673592468675e-01 1.670745556215360921e+02
6.809443058679020000e-01 1.729608889289218041e+02
6.921761172624769642e-01 1.790546082124469649e+02
7.034115135868669322e-01 1.853630200483540307e+02
7.146398889971862234e-01 1.918936884365425897e+02
7.258492299290318917e-01 1.986544438700618684e+02
7.370261356151117660e-01 2.056533927241374329e+02
7.481558479330273626e-01 2.128989269759903777e+02
7.592222895853782960e-01 2.203997342671030708e+02
7.702081096849403563e-01 2.281648083199960411e+02
7.810947359289464043e-01 2.362034597220061301e+02
7.918624326890679743e-01 2.445253270889970167e+02
8.024903645071925773e-01 2.531403886223870074e+02
8.129566646602620628e-01 2.620589740733510666e+02
8.232385086294796706e-01 2.712917771285427193e+02
8.333121924694908422e-01 2.808498682321873048e+02
8.431532162127404195e-01 2.907447078599211068e+02
8.527363725554779617e-01 3.009881602602899875e+02
8.620358411492901052e-01 3.115925076803858360e+02
8.710252888621490275e-01 3.225704650926778640e+02
8.796779763742941238e-01 3.339351954406973277e+02
8.879668714374986394e-01 3.457003254218514599e+02
8.958647690534879970e-01 3.578799618262975741e+02
9.033444187221235655e-01 3.704887084514630828e+02
9.103786587769099325e-01 3.835416836124934434e+02
9.169405576694968918e-01 3.970545382696271872e+02
9.230035618914552709e-01 4.110434747942256308e+02
9.285416500359905401e-01 4.255252663959676056e+02
9.335294923094336061e-01 4.405172772344982945e+02
9.379426146070076742e-01 4.560374832396432794e+02
9.417575660738652932e-01 4.721044936651604758e+02
9.449520888845783784e-01 4.887375734018663707e+02
9.475052887959488634e-01 5.059566660768933843e+02
9.493978048625948407e-01 5.237824179667780982e+02
9.506119765557138335e-01 5.422362027530442674e+02
9.511320063961958837e-01 5.613401471499736317e+02
9.509441161072345050e-01 5.811171574352894140e+02
9.500366942124279790e-01 6.015909469155574243e+02
9.484004329565148828e-01 6.227860643592473480e+02
9.460284524109544568e-01 6.447279234315391250e+02
9.429164096488306113e-01 6.674428331661688389e+02
9.390625909360907908e-01 6.909580295108568180e+02
9.344679849914330205e-01 7.153017079841281429e+02
9.291363355170999538e-01 7.405030574826989778e+02
9.230741713984174091e-01 7.665922952799564882e+02
9.162908132110216819e-01 7.936007032574907498e+02
9.087983549600838762e-01 8.215606654131353253e+02
9.006116203027657585e-01 8.505057066904795420e+02
8.917480928695317166e-01 8.804705331764123457e+02
8.822278206960989522e-01 9.114910737149019724e+02
8.720732951986513992e-01 9.436045229868938122e+02
8.613093055618585847e-01 9.768493861079987255e+02
8.499627698524538921e-01 1.011265524797435432e+03
8.380625446097628162e-01 1.046894205173579849e+03
8.256392150870512925e-01 1.083778147233444315e+03
8.127248687119927872e-01 1.121961576075404082e+03
7.993528546890309450e-01 1.161490274926590246e+03
7.855575329696584674e-01 1.202411640038536007e+03
7.713740160583315575e-01 1.244774737516886034e+03
7.568379072931139540e-01 1.288630362153323858e+03
7.419850393343715433e-01 1.334031098330256555e+03
7.268512166073949343e-01 1.381031383071265736e+03
7.114719653738580396e-01 1.429687571312950922e+03
6.958822949534899660e-01 1.480058003476410931e+03
6.801164733849874855e-01 1.532203075419386778e+03
6.642078205106319855e-01 1.586185310852951716e+03
6.481885211012827774e-01 1.642069436309552202e+03
6.320894602185528344e-01 1.699922458752323109e+03
6.159400825517409306e-01 1.759813745918715540e+03
5.997682769821566229e-01 1.821815109494757962e+03
5.836002871307636175e-01 1.886000891219711548e+03
5.674606481502383337e-01 1.952448052024338267e+03
5.513721495421207708e-01 2.021236264309665103e+03
5.353558233248497666e-01 2.092448007476907151e+03
5.194309564582910710e-01 2.166168666823054537e+03
5.036151260519129425e-01 2.242486635920748995e+03
4.879242555519525681e-01 2.321493422605185060e+03
4.723726898205879432e-01 2.403283758695095003e+03
4.569732867883704586e-01 2.487955713579424355e+03
4.417375231798170154e-01 2.575610811805856429e+03
4.266756116799408360e-01 2.666354154812185698e+03
4.117966268251092021e-01 2.760294546946523042e+03
3.971086368633932606e-01 2.857544625927383549e+03
3.826188388360941550e-01 2.958220997900140901e+03
3.683336941824200683e-01 3.062444377251765218e+03
3.542590622625018115e-01 3.170339731351450155e+03
3.404003293292726107e-01 3.282036430390743135e+03
3.267625306561235954e-01 3.397668402502791650e+03
3.133504637426879902e-01 3.517374294346718216e+03
3.001687907725463789e-01 3.641297637349682191e+03
2.872221287794247679e-01 3.769587019805914679e+03
2.745151262862102204e-01 3.902396265039134505e+03
2.620525255058595571e-01 4.039884615841945561e+03
2.498392095255926593e-01 4.182216925413327772e+03
2.378802342253522051e-01 4.329563855023233373e+03
2.261808449979395841e-01 4.482102078641238222e+03
2.147464786316034546e-01 4.640014494774619379e+03
2.035827509777956290e-01 4.803490445769899452e+03
1.926954312511240108e-01 4.972725944840709417e+03
1.820904039917479733e-01 5.147923911094303548e+03
1.717736198622381583e-01 5.329294412838470635e+03
1.617510365538266381e-01 5.517054919460533711e+03
1.520285511462925454e-01 5.711430562180547895e+03
1.426119253087313465e-01 5.912654403991266918e+03
1.335067047534535256e-01 6.120967719108576603e+03
1.247181343706822987e-01 6.336620282267495895e+03
1.162510704850099330e-01 6.559870668210519398e+03
1.081098916912482943e-01 6.790986561727529988e+03
1.002984097503737820e-01 7.030245078618973821e+03
9.281978205564929418e-02 7.277933097967056710e+03
8.567642721164460407e-02 7.534347606113539769e+03
7.886994529899475637e-02 7.799796052756430981e+03
7.240104441736593122e-02 8.074596719592598674e+03
6.626947509908502620e-02 8.359079101948364041e+03
6.047397415675453275e-02 8.653584303855528560e+03
5.501221946119647793e-02 8.958465447046717600e+03
4.988079703425604000e-02 9.274088094360333344e+03
4.507518167978601803e-02 9.600830688062767877e+03
4.058973216401309814e-02 9.939085003613558001e+03
3.641770169522877409e-02 1.028925661941743783e+04
3.255126414736967538e-02 1.065176540312661200e+04
2.898155613061111080e-02 1.102704601507636653e+04
2.569873464514741898e-02 1.141554842945748169e+04
2.269204967432240927e-02 1.181773847385061345e+04
1.994993069383432793e-02 1.223409838776939068e+04
1.746008570889705930e-02 1.266512740088189457e+04
1.520961109474509160e-02 1.311134233160402619e+04
1.318511022052907926e-02 1.357327820678231001e+04
1.137281859376251987e-02 1.405148890320922874e+04
9.758733081437114334e-03 1.454654781174035998e+04
8.328742651842097749e-03 1.505904852480937552e+04
7.068758042638408068e-03 1.558960554816556760e+04
5.964837797882092604e-03 1.613885503768713897e+04
5.003308228817813369e-03 1.670745556215360921e+04
4.170875037090808826e-03 1.729608889289217768e+04
3.454724588720159157e-03 1.790546082124469831e+04
2.842613134498987379e-03 1.853630200483539375e+04
2.322942627040502136e-03 1.918936884365426158e+04
1.884822174218228792e-03 1.986544438700618775e+04
1.518114579540195226e-03 2.056533927241371930e+04
1.213467837373466331e-03 2.128989269759902527e+04
9.623318598147402115e-04 2.203997342671030856e+04
7.569610975445276906e-04 2.281648083199960092e+04
5.904040652832823546e-04 2.362034597220060823e+04
4.564810811612822396e-04 2.445253270889968917e+04
3.497517683376238093e-04 2.531403886223870359e+04
2.654740392666505590e-04 2.620589740733511280e+04
1.995563840298670004e-04 2.712917771285424533e+04
1.485053134889039730e-04 2.808498682321871820e+04
1.093697684999606789e-04 2.907447078599211454e+04
7.968420416514750734e-05 3.009881602602899875e+04
5.741190204306137674e-05 3.115925076803858246e+04
4.088986461453812871e-05 3.225704650926778413e+04
2.877641781449977138e-05 3.339351954406969890e+04
2.000240246819138897e-05 3.457003254218514485e+04
1.372658717348317889e-05 3.578799618262972217e+04
9.295695692208148011e-06 3.704887084514630260e+04
6.209221674425573328e-06 3.835416836124934343e+04
4.089010713157321492e-06 3.970545382696267916e+04
2.653429916780637817e-06 4.110434747942256217e+04
1.695821325914925910e-06 4.255252663959676283e+04
1.066847973000695156e-06 4.405172772344987607e+04
6.602883193532997009e-07 4.560374832396433339e+04
4.018125393068065780e-07 4.721044936651600437e+04
2.402777218855405173e-07 4.887375734018663206e+04
1.411028931617309608e-07 5.059566660768933798e+04
8.132302681225102956e-08 5.237824179667776480e+04
4.596840107531272734e-08 5.422362027530442720e+04
2.546692111262949815e-08 5.613401471499735635e+04
1.381838021324789687e-08 5.811171574352888274e+04
7.338091396281791167e-09 6.015909469155574334e+04
3.810875801821377554e-09 6.227860643592466658e+04
1.933931016338012858e-09 6.447279234315390204e+04
9.582491686862309078e-10 6.674428331661688571e+04
4.632032012883739219e-10 6.909580295108561404e+04
2.182437114088160433e-10 7.153017079841281520e+04
1.001375888630013003e-10 7.405030574826990778e+04
4.470252351306226517e-11 7.665922952799571794e+04
1.939663927956859771e-11 7.936007032574906771e+04
8.172326340671698124e-12 8.215606654131344112e+04
3.339947039240481336e-12 8.505057066904795647e+04
1.322641594296209025e-12 8.804705331764122820e+04
5.069569953127433730e-13 9.114910737149008492e+04
1.878568557388210586e-13 9.436045229868938623e+04
6.721914849097767947e-14 9.768493861079987255e+04
2.319710687168726634e-14 1.011265524797434482e+05
7.710729614957163113e-15 1.046894205173579830e+05
2.465496645112239269e-15 1.083778147233443160e+05
7.572981519572458854e-16 1.121961576075404155e+05
2.231352829526829242e-16 1.161490274926590355e+05
6.297557520400001953e-17 1.202411640038534970e+05
1.699886157943138989e-17 1.244774737516885943e+05
4.381566205141871212e-18 1.288630362153323804e+05
1.076700179525689014e-18 1.334031098330258101e+05
2.518170932393251005e-19 1.381031383071265591e+05
5.595566216543182014e-20 1.429687571312949294e+05
1.179201508127227804e-20 1.480058003476410813e+05
2.352373683020166572e-21 1.532203075419387023e+05
4.433630297451725507e-22 1.586185310852949915e+05
7.879134646373215371e-23 1.642069436309552111e+05
1.317540086791042845e-23 1.699922458752323000e+05
2.068636176946112681e-24 1.759813745918713685e+05
3.042812815185969015e-25 1.821815109494758071e+05
4.183493656104269554e-26 1.886000891219709883e+05
5.363428542842075869e-27 1.952448052024338394e+05
6.396107213598149712e-28 2.021236264309665421e+05
7.077037273245861524e-29 2.092448007476904604e+05
7.246084420509530664e-30 2.166168666823054373e+05
6.846753822718786527e-31 2.242486635920749104e+05
5.953425191179356736e-32 2.321493422605187807e+05
4.749830548800323520e-33 2.403283758695094730e+05
3.466583885923744282e-34 2.487955713579421572e+05
2.307143777889149142e-35 2.575610811805856065e+05
1.395680140855876436e-36 2.666354154812186025e+05
7.648471650765551209e-38 2.760294546946519986e+05
3.783804696484353665e-39 2.857544625927383313e+05
1.683769106899448115e-40 2.958220997900140937e+05
6.714527655358802515e-42 3.062444377251761616e+05
2.390285257710467898e-43 3.170339731351449736e+05
7.565688489001567414e-45 3.282036430390740279e+05
2.120379330612625114e-46 3.397668402502791723e+05
5.239425027055120470e-48 3.517374294346718234e+05
1.136401129650428532e-49 3.641297637349678553e+05
2.153588614526666855e-51 3.769587019805914606e+05
3.549046755390590322e-53 3.902396265039134305e+05
5.061050151234262996e-55 4.039884615841949126e+05
6.213499169621037225e-57 4.182216925413327408e+05
6.532919291388315725e-59 4.329563855023229262e+05
5.850349639503129801e-61 4.482102078641238040e+05
4.437151933530748781e-63 4.640014494774619234e+05
2.833561749471735148e-65 4.803490445769894868e+05
1.514381728116770204e-67 4.972725944840709562e+05
6.731130599674665580e-70 5.147923911094302894e+05
2.472124534559464839e-72 5.329294412838465068e+05
7.451825485264025626e-75 5.517054919460533420e+05
1.830806625424111527e-77 5.711430562180541456e+05
3.639826822675628263e-80 5.912654403991266154e+05
5.812167857190873039e-83 6.120967719108576421e+05
7.397097923806287763e-86 6.336620282267489238e+05
7.443528316341035448e-89 6.559870668210518779e+05
5.873496785674910374e-92 6.790986561727530789e+05
3.603251522285239826e-95 7.030245078618981643e+05
1.703416444445405793e-98 7.277933097967057256e+05
6.148770303859318156e-102 7.534347606113532092e+05
1.678684837697554484e-105 7.799796052756430581e+05
3.432340697969862663e-109 8.074596719592598965e+05
5.202693547231598265e-113 8.359079101948353928e+05
5.784997690557570332e-117 8.653584303855529288e+05
4.667392593324430990e-121 8.958465447046718327e+05
2.701679040377904347e-125 9.274088094360323157e+05
1.108921024147830091e-129 9.600830688062768895e+05
3.188710429963841059e-134 9.939085003613546723e+05
6.343544529694527617e-139 1.028925661941743689e+06
8.618155996357161627e-144 1.065176540312661324e+06
7.889083581123158788e-149 1.102704601507635321e+06
4.798742139269603892e-154 1.141554842945748242e+06
1.911889905971888457e-159 1.181773847385061439e+06
4.915396726796349278e-165 1.223409838776940247e+06
8.029934738476994030e-171 1.266512740088189486e+06
8.203224062628338032e-177 1.311134233160401229e+06
5.154578589420107644e-183 1.357327820678230841e+06
1.958401042691850688e-189 1.405148890320922947e+06
4.419893706345337709e-196 1.454654781174034579e+06
5.817740947181160805e-203 1.505904852480937727e+06
4.382068393107584155e-210 1.558960554816556629e+06
1.852018555763528163e-217 1.613885503768712282e+06
4.303394976965433709e-225 1.670745556215360761e+06
5.382989716749750839e-233 1.729608889289216138e+06
3.546554579034845250e-241 1.790546082124469569e+06
1.203236352694767013e-249 1.853630200483539375e+06
2.053531058770821814e-258 1.918936884365424048e+06
1.720856640534940093e-267 1.986544438700618921e+06
6.905543322714890200e-277 2.056533927241372177e+06
1.292986479730196066e-286 2.128989269759904593e+06
1.099687663753530837e-296 2.203997342671030667e+06
4.131895239023226086e-307 2.281648083199957851e+06
6.665913931064264724e-318 2.362034597220060881e+06
0.000000000000000000e+00 2.445253270889968611e+06
0.000000000000000000e+00 2.531403886223867536e+06
0.000000000000000000e+00 2.620589740733511280e+06
0.000000000000000000e+00 2.712917771285424475e+06
0.000000000000000000e+00 2.808498682321868837e+06
0.000000000000000000e+00 2.907447078599211294e+06
0.000000000000000000e+00 3.009881602602896746e+06
0.000000000000000000e+00 3.115925076803858392e+06
