1.578697198684188174e-05 4.964003922204605068e+00
1.996671553090016392e-05 5.138894596111026836e+00
2.520225408204021476e-05 5.319946979052894598e+00
3.174499585438609597e-05 5.507378158982292327e+00
3.990179938530939436e-05 5.701412872245400720e+00
5.004598400620525951e-05 5.902283773048980109e+00
6.263020592619616793e-05 6.110231712420672423e+00
7.820143577882309382e-05 6.325506026997571141e+00
9.741828365378665160e-05 6.548364837989288034e+00
1.210709230625223507e-04 6.779075360674055695e+00
1.501038643331564348e-04 7.017914224798916578e+00
1.856418188499358625e-04 7.265167806268168604e+00
2.290188766690299269e-04 7.521132570517826466e+00
2.818111892174181309e-04 7.786115427987692073e+00
3.458733043461770717e-04 8.060434102117415733e+00
4.233782410169541948e-04 8.344417510307701846e+00
5.168613137479889305e-04 8.638406158303396865e+00
6.292676215252756677e-04 8.942752548471455398e+00
7.640030012524568750e-04 9.257821602463245370e+00
9.249881120588897970e-04 9.583991098767974393e+00
1.116715164423968910e-03 9.921652125681964307e+00
1.344306639029727544e-03 1.027120955023672799e+01
1.613575156978511909e-03 1.063308250364832297e+01
1.931083469848498537e-03 1.100770488386991985e+01
2.304203339981909706e-03 1.139552587585012411e+01
2.741171885017215908e-03 1.179701049012101244e+01
3.251143773842292504e-03 1.221264012036153090e+01
3.844237492469582389e-03 1.264291312060484707e+01
4.531573757623520889e-03 1.308834540278179581e+01
5.325304053231813377e-03 1.354947105531671880e+01
6.238627210897471423e-03 1.402684298351765335e+01
7.285791959727068445e-03 1.452103357252860505e+01
8.482083442890439237e-03 1.503263537363866931e+01
9.843791845596786341e-03 1.556226181477120463e+01
1.138816150739102757e-02 1.611054793600471768e+01
1.313331920407212472e-02 1.667815115100744450e+01
1.509818068060800496e-02 1.726575203529873193e+01
1.730233499272958511e-02 1.787405514228207792e+01
1.976590676338085481e-02 1.850378984802860671e+01
2.250939706914792393e-02 1.915571122582383268e+01
2.555350432498923116e-02 1.983060095152599800e+01
2.891892721305885927e-02 2.052926824082205215e+01
3.262615237970928339e-02 2.125255081950473013e+01
3.669523027762217060e-02 2.200131592793413660e+01
4.114554312937139524e-02 2.277646136088851136e+01
4.599556950607870676e-02 2.357891654405046467e+01
5.126265042211086004e-02 2.440964364842001899e+01
5.696276211842433990e-02 2.526963874399033472e+01
6.311030082131360852e-02 2.615993299406931882e+01
6.971788470334082388e-02 2.708159389167950692e+01
7.679617802930474579e-02 2.803572653951842497e+01
8.435374204021633959e-02 2.902347497501417450e+01
9.239691651911251247e-02 3.004602354206528503e+01
1.009297352099099432e-01 3.110459831110903295e+01
1.099538773492077792e-01 3.220046854922163249e+01
1.194686565540363787e-01 3.333494824201260798e+01
1.294710472261975109e-01 3.450939766913797513e+01
1.399557475313893129e-01 3.572522503532179883e+01
1.509152769372413272e-01 3.698388815884148073e+01
1.623401052971644998e-01 3.828689621950125144e+01
1.742188095928260405e-01 3.963581156819016371e+01
1.865382537375568084e-01 4.103225160019363216e+01
1.992837863286159583e-01 4.247789069450531230e+01
2.124394509400156228e-01 4.397446222146453465e+01
2.259882034793681826e-01 4.552376062112590915e+01
2.399121312890412638e-01 4.712764355485401069e+01
2.541926690375058140e-01 4.878803413272235190e+01
2.688108069931178790e-01 5.050692321938761609e+01
2.837472879610372645e-01 5.228637182120410642e+01
2.989827899483873397e-01 5.412851355744007265e+01
3.144980924521358912e-01 5.603555721855972394e+01
3.302742250865875473e-01 5.800978941463809235e+01
3.462925980333674825e-01 6.005357731708397040e+01
3.625351144625116317e-01 6.216937149695876741e+01
3.789842656043033164e-01 6.435970886329444340e+01
3.956232095237006696e-01 6.662721570493359025e+01
4.124358348517858097e-01 6.897461083953881200e+01
4.294068107632304510e-01 7.140470887354734941e+01
4.465216243698560405e-01 7.392042357697977195e+01
4.637666064535092003e-01 7.652477137714919309e+01
4.811289461211508134e-01 7.922087497545992107e+01
4.985966945719353949e-01 8.201196709163239973e+01
5.161587577637316571e-01 8.490139433984387551e+01
5.338048773979965356e-01 8.789262124143250787e+01
5.515255993465204565e-01 9.098923437897596500e+01
5.693122284539915423e-01 9.419494669672550913e+01
5.871567685900779265e-01 9.751360195255237784e+01
6.050518469068842942e-01 1.009491793267439306e+02
6.229906214837486189e-01 1.045057981931757354e+02
6.409666719018052294e-01 1.081877230585807013e+02
6.589738727657521444e-01 1.119993686758374025e+02
6.770062507516837469e-01 1.159453053374086409e+02
6.950578263733666606e-01 1.200302643552773247e+02
7.131224422875696023e-01 1.242591437339497986e+02
7.311935805639347974e-01 1.286370140433297422e+02
7.492641718909996973e-01 1.331691244985035496e+02
7.673264001461936878e-01 1.378609092537274989e+02
7.853715060999736375e-01 1.427179939181627333e+02
8.033895942360939069e-01 1.477462023011719054e+02
8.213694467434711211e-01 1.529515633952643441e+02
8.392983486704901352e-01 1.583403186050624640e+02
8.571619280380297079e-01 1.639189292309578718e+02
8.749440143972323503e-01 1.696940842164295020e+02
8.926265189119370058e-01 1.756727081683145570e+02
9.101893385662468416e-01 1.818619696596467179e+02
9.276102865699122901e-01 1.882692898250182054e+02
9.448650504824718244e-01 1.949023512587724554e+02
9.619271790251903154e-01 2.017691072266955814e+02
9.787680980188390167e-01 2.088777912022517569e+02
9.953571553934038585e-01 2.162369267387971377e+02
1.011661694777185927e+00 2.238553376896099110e+02
1.027647156797776962e+00 2.317421587879900073e+02
1.043277206922330835e+00 2.399068466001141360e+02
1.058513888431531713e+00 2.483591908637795029e+02
1.073317798959129155e+00 2.571093262266316515e+02
1.087648288931799545e+00 2.661677443979514237e+02
1.101463680204270768e+00 2.755453067285702105e+02
1.114721503191601570e+00 2.852532572339979424e+02
1.127378750841465216e+00 2.953032360763793918e+02
1.139392147850607939e+00 3.057072935214442850e+02
1.150718433596598089e+00 3.164779043871844237e+02
1.161314657314516108e+00 3.276279830015835159e+02
1.171138484084678799e+00 3.391708986873350682e+02
1.180148510200400347e+00 3.511204917921143647e+02
1.188304586444579591e+00 3.634910902836249420e+02
1.195568147714219709e+00 3.762975269293175984e+02
1.201902547289531276e+00 3.895551570813822764e+02
1.207273393849293441e+00 4.032798770883370594e+02
1.211648889090357395e+00 4.174881433552892531e+02
1.215000163523424659e+00 4.321969920757230170e+02
1.217301607699345478e+00 4.474240596584738796e+02
1.218531195782284193e+00 4.631876038743826030e+02
1.218670798042112979e+00 4.795065257479806178e+02
1.217706478503563394e+00 4.964003922204605601e+02
1.215628773679721553e+00 5.138894596111020974e+02
1.212432948048485226e+00 5.319946979052889446e+02
1.208119221718130243e+00 5.507378158982292007e+02
1.202692965587281559e+00 5.701412872245400649e+02
1.196164859249155166e+00 5.902283773048981175e+02
1.188551006932619947e+00 6.110231712420671784e+02
1.179873006924351708e+00 6.325506026997571780e+02
1.170157970186193941e+00 6.548364837989288390e+02
1.159438484276533732e+00 6.779075360674048625e+02
1.147752519208288469e+00 7.017914224798909117e+02
1.135143272530151792e+00 7.265167806268168533e+02
1.121658951699946227e+00 7.521132570517826252e+02
1.107352492723483017e+00 7.786115427987692783e+02
1.092281215049439203e+00 8.060434102117415023e+02
1.076506413826365360e+00 8.344417510307702059e+02
1.060092891823779970e+00 8.638406158303396296e+02
1.043108434572578513e+00 8.942752548471446516e+02
1.025623233563948355e+00 9.257821602463236559e+02
1.007709263629893437e+00 9.583991098767975245e+02
9.894396218784021757e-01 9.921652125681963525e+02
9.708878367358373396e-01 1.027120955023672877e+03
9.521271567201258224e-01 1.063308250364832247e+03
9.332298294924884496e-01 1.100770488386991929e+03
9.142663824750968393e-01 1.139552587585012589e+03
8.953049168420839088e-01 1.179701049012100157e+03
8.764104269604719999e-01 1.221264012036151826e+03
8.576441573500692694e-01 1.264291312060484870e+03
8.390630089283782622e-01 1.308834540278179702e+03
8.207190056977317072e-01 1.354947105531671923e+03
8.026588321163118378e-01 1.402684298351765392e+03
7.849234501819528642e-01 1.452103357252860633e+03
7.675478037681154886e-01 1.503263537363867044e+03
7.505606160163962315e-01 1.556226181477118871e+03
7.339842836511416557e-01 1.611054793600469793e+03
7.178348699903046581e-01 1.667815115100744379e+03
7.021221962415893358e-01 1.726575203529873306e+03
6.868500284592852223e-01 1.787405514228207494e+03
6.720163553634070919e-01 1.850378984802860714e+03
6.576137501583592115e-01 1.915571122582383168e+03
6.436298076007261892e-01 1.983060095152599615e+03
6.300476459175451405e-01 2.052926824082203439e+03
6.168464618224682727e-01 2.125255081950470867e+03
6.040021258624042044e-01 2.200131592793413802e+03
5.914878046840679193e-01 2.277646136088851108e+03
5.792745965573158351e-01 2.357891654405046665e+03
5.673321666343434933e-01 2.440964364842001487e+03
5.556293689502145305e-01 2.526963874399033102e+03
5.441348430558056171e-01 2.615993299406931783e+03
5.328175743809272502e-01 2.708159389167948120e+03
5.216474089036030604e-01 2.803572653951839584e+03
5.105955143925535733e-01 2.902347497501417820e+03
4.996347823286149126e-01 3.004602354206528162e+03
4.887401665283787611e-01 3.110459831110902996e+03
4.778889564202058460e-01 3.220046854922162765e+03
4.670609847917381319e-01 3.333494824201260599e+03
4.562387715767464158e-01 3.450939766913797484e+03
4.454076068225765184e-01 3.572522503532176415e+03
4.345555773319177972e-01 3.698388815884144151e+03
4.236735425692356172e-01 3.828689621950125002e+03
4.127550662399824821e-01 3.963581156819016996e+03
4.017963104790353013e-01 4.103225160019363102e+03
3.907958998253047156e-01 4.247789069450530405e+03
3.797547621255180639e-01 4.397446222146453692e+03
3.686759532257747329e-01 4.552376062112591171e+03
3.575644718076385065e-01 4.712764355485396663e+03
3.464270700465268416e-01 4.878803413272230500e+03
3.352720649591024449e-01 5.050692321938761779e+03
3.241091544109491185e-01 5.228637182120411126e+03
3.129492408237864454e-01 5.412851355744007378e+03
3.018042646982345145e-01 5.603555721855970660e+03
2.906870491945837687e-01 5.800978941463809861e+03
2.796111562247400317e-01 6.005357731708396386e+03
2.685907538303412001e-01 6.216937149695871085e+03
2.576404940733810212e-01 6.435970886329441782e+03
2.467754002561220183e-01 6.662721570493358740e+03
2.360107620178703014e-01 6.897461083953881825e+03
2.253620367210549258e-01 7.140470887354736078e+03
2.148447555254555386e-01 7.392042357697973785e+03
2.044744326401823908e-01 7.652477137714918172e+03
1.942664764180076220e-01 7.922087497545992846e+03
1.842361011944357863e-01 8.201196709163232299e+03
1.743982390533614091e-01 8.490139433984384596e+03
1.647674510026215233e-01 8.789262124143251640e+03
1.553578373489789277e-01 9.098923437897596159e+03
1.461829473588483475e-01 9.419494669672552845e+03
1.372556885672965021e-01 9.751360195255234430e+03
1.285882363455280453e-01 1.009491793267439243e+04
1.201919445509710971e-01 1.045057981931757422e+04
1.120772582611635204e-01 1.081877230585805955e+04
1.042536297316974392e-01 1.119993686758373406e+04
9.672943881936117705e-02 1.159453053374086448e+04
8.951191917495236738e-02 1.200302643552773225e+04
8.260709153699216656e-02 1.242591437339498043e+04
7.601970544875839841e-02 1.286370140433296547e+04
6.975319067769250592e-02 1.331691244985035519e+04
6.380961953925541608e-02 1.378609092537274955e+04
5.818968121763357093e-02 1.427179939181625923e+04
5.289266903441820072e-02 1.477462023011718520e+04
4.791648144484789151e-02 1.529515633952643293e+04
4.325763734125198656e-02 1.583403186050624936e+04
3.891130601746194129e-02 1.639189292309578741e+04
3.487135189941538427e-02 1.696940842164294008e+04
3.113039388015206854e-02 1.756727081683146025e+04
2.767987881700508315e-02 1.818619696596467111e+04
2.451016846109337066e-02 1.882692898250180224e+04
2.161063880121119954e-02 1.949023512587723962e+04
1.896979052360282803e-02 2.017691072266956326e+04
1.657536902423215400e-02 2.088777912022517557e+04
1.441449216965245625e-02 2.162369267387971558e+04
1.247378379510530495e-02 2.238553376896098052e+04
1.073951076236631663e-02 2.317421587879900108e+04
9.197721282721605524e-03 2.399068466001141496e+04
7.834382148788010536e-03 2.483591908637792949e+04
6.635512517663735323e-03 2.571093262266315287e+04
5.587311950192866417e-03 2.661677443979514646e+04
4.676280537830325955e-03 2.755453067285702127e+04
3.889329138143635817e-03 2.852532572339979379e+04
3.213877988244489680e-03 2.953032360763792167e+04
2.637942265685654791e-03 3.057072935214442987e+04
2.150203509409224709e-03 3.164779043871844260e+04
1.740066187832410398e-03 3.276279830015831612e+04
1.397699093998120345e-03 3.391708986873348476e+04
1.114061644585455715e-03 3.511204917921143351e+04
8.809155456251124925e-04 3.634910902836249443e+04
6.908226483558376667e-04 3.762975269293175370e+04
5.371301401247787800e-04 3.895551570813820581e+04
4.139444856413875299e-04 4.032798770883370889e+04
3.160957437134902757e-04 4.174881433552892850e+04
2.390940272614338583e-04 4.321969920757225918e+04
1.790799467078046903e-04 4.474240596584737068e+04
1.327708790889687380e-04 4.631876038743826211e+04
9.740484122286861726e-05 4.795065257479806314e+04
7.068362198678216149e-05 4.964003922204604896e+04
5.071665590570382821e-05 5.138894596111021383e+04
3.596690955505639498e-05 5.319946979052884126e+04
2.519981669873940208e-05 5.507378158982291643e+04
1.743605093736171359e-05 5.701412872245394828e+04
1.190867875919196618e-05 5.902283773048980220e+04
8.025002817059818084e-06 6.110231712420672557e+04
5.333194624505835382e-06 6.325506026997565641e+04
3.493634919642353821e-06 6.548364837989287480e+04
2.254733307644164744e-06 6.779075360674048716e+04
1.432888441648455361e-06 7.017914224798916257e+04
8.961754607174639226e-07 7.265167806268169079e+04
5.513061016124131019e-07 7.521132570517819840e+04
3.333946580568144756e-07 7.786115427987692237e+04
1.980745378297538389e-07 8.060434102117415750e+04
1.155398247907159478e-07 8.344417510307693738e+04
6.612826172740336276e-08 8.638406158303396660e+04
3.711113854828868664e-08 8.942752548471446789e+04
2.040715215118794391e-08 9.257821602463227464e+04
1.098778274027880462e-08 9.583991098767974472e+04
5.788484499911202202e-09 9.921652125681952748e+04
2.981350870489814789e-09 1.027120955023672868e+05
1.500061991817090876e-09 1.063308250364832347e+05
7.367082753516688072e-10 1.100770488386990764e+05
3.528595173332123479e-10 1.139552587585012516e+05
1.646814741535507049e-10 1.179701049012100120e+05
7.482167910225649358e-11 1.221264012036153144e+05
3.306276258288745415e-11 1.264291312060484779e+05
1.419562531275959687e-11 1.308834540278178174e+05
5.916070642400543710e-12 1.354947105531671841e+05
2.390671093659408754e-12 1.402684298351765319e+05
9.357118498687906120e-13 1.452103357252858987e+05
3.543331528399743499e-13 1.503263537363866926e+05
1.296651118076741344e-13 1.556226181477118807e+05
4.579865201493371207e-14 1.611054793600468256e+05
1.559403594971001829e-14 1.667815115100744297e+05
5.111867921290545237e-15 1.726575203529871360e+05
1.611147078314125254e-15 1.787405514228207467e+05
4.875554034894861976e-16 1.850378984802860941e+05
1.414567089953712511e-16 1.915571122582381358e+05
3.929068085169373849e-17 1.983060095152599679e+05
1.043169605183009217e-17 2.052926824082203384e+05
2.643194333885827420e-18 2.125255081950473250e+05
6.381123792653467676e-19 2.200131592793414020e+05
1.465274758607056530e-19 2.277646136088848871e+05
3.194689346235726869e-20 2.357891654405046429e+05
6.601349336715595674e-21 2.440964364842001814e+05
1.290358009111823602e-21 2.526963874399030465e+05
2.381283645740182664e-22 2.615993299406931619e+05
4.140525545967282847e-23 2.708159389167947811e+05
6.769120830320065024e-24 2.803572653951836983e+05
1.038241669467881344e-24 2.902347497501417529e+05
1.490657057827704464e-25 3.004602354206524906e+05
1.998754398552544955e-26 3.110459831110903178e+05
2.496877475518192369e-27 3.220046854922163184e+05
2.898731407044495932e-28 3.333494824201256852e+05
3.119394787798318350e-29 3.450939766913797357e+05
3.103298132758233964e-30 3.572522503532176488e+05
2.846202015732375459e-31 3.698388815884148353e+05
2.399677837332776385e-32 3.828689621950124856e+05
1.854373696198018581e-33 3.963581156819012249e+05
1.309379094347401558e-34 4.103225160019362811e+05
8.421260995371808632e-36 4.247789069450530806e+05
4.917037923314921469e-37 4.397446222146449145e+05
2.597559339661222054e-38 4.552376062112591462e+05
1.237176193736843546e-39 4.712764355485396809e+05
5.293178080859371424e-41 4.878803413272225880e+05
2.026652059441432111e-42 5.050692321938761161e+05
6.917046025616139525e-44 5.228637182120406069e+05
2.095955730692594983e-45 5.412851355744006578e+05
5.614909171162379496e-47 5.603555721855970332e+05
1.324090367917875461e-48 5.800978941463803640e+05
2.736247895011465045e-50 6.005357731708396459e+05
4.932147894755178532e-52 6.216937149695870467e+05
7.717352169040123231e-54 6.435970886329447385e+05
1.043006915820723825e-55 6.662721570493358886e+05
1.211299356129247620e-57 6.897461083953874186e+05
1.202378052751689237e-59 7.140470887354735751e+05
1.014504395044695124e-61 7.392042357697973493e+05
7.234418402485884138e-64 7.652477137714911951e+05
4.334270013502554926e-66 7.922087497545992956e+05
2.168333685169726624e-68 8.201196709163232008e+05
9.000680749759253273e-71 8.490139433984374627e+05
3.079695415920250872e-73 8.789262124143250985e+05
8.627139173799957219e-76 9.098923437897586264e+05
1.964679742980721540e-78 9.419494669672552263e+05
3.610888839165740564e-81 9.751360195255234139e+05
5.315617084460936467e-84 1.009491793267438188e+06
6.218916701290773440e-87 1.045057981931757298e+06
5.735640173667077651e-90 1.081877230585806072e+06
4.135384884686845233e-93 1.119993686758374562e+06
2.310731103209851215e-96 1.159453053374086507e+06
9.917041778865692892e-100 1.200302643552772002e+06
3.238743441385328649e-103 1.242591437339497963e+06
7.971733694680310967e-107 1.286370140433296794e+06
1.464143849662945089e-110 1.331691244985033991e+06
1.986048678668036759e-114 1.378609092537274817e+06
1.968492798122857478e-118 1.427179939181626076e+06
1.409986037232135487e-122 1.477462023011717014e+06
7.215441925907785521e-127 1.529515633952643489e+06
2.606953016207291495e-131 1.583403186050623190e+06
6.569001384542901976e-136 1.639189292309578508e+06
1.139849374438033560e-140 1.696940842164294329e+06
1.344216916143793938e-145 1.756727081683143973e+06
1.062810250502211179e-150 1.818619696596467169e+06
5.555064573479124886e-156 1.882692898250180297e+06
1.891631209618685515e-161 1.949023512587725883e+06
4.133725850444384574e-167 2.017691072266956093e+06
5.707127648507403823e-173 2.088777912022515433e+06
4.898216416874990866e-179 2.162369267387971282e+06
2.569975750221601804e-185 2.238553376896098256e+06
8.101411463697241811e-192 2.317421587879897561e+06
1.507084497345935889e-198 2.399068466001141816e+06
1.624013954524444104e-205 2.483591908637792803e+06
9.944039169468351941e-213 2.571093262266312726e+06
3.391627495662575935e-220 2.661677443979514297e+06
6.312077870165551705e-228 2.755453067285699770e+06
6.274608204158003996e-236 2.852532572339979000e+06
3.258783963993232204e-244 2.953032360763792414e+06
8.642627331367425861e-253 3.057072935214439873e+06
1.143072706416811976e-261 3.164779043871844653e+06
7.356886679914194795e-271 3.276279830015831627e+06
2.246392522438699575e-280 3.391708986873351969e+06
3.169855988905084364e-290 3.511204917921143584e+06
2.011614275797096378e-300 3.634910902836245950e+06
5.581796939736903674e-311 3.762975269293175545e+06
0.000000000000000000e+00 3.895551570813820232e+06
0.000000000000000000e+00 4.032798770883366931e+06
0.000000000000000000e+00 4.174881433552892879e+06
0.000000000000000000e+00 4.321969920757225715e+06
0.000000000000000000e+00 4.474240596584732644e+06
0.000000000000000000e+00 4.631876038743825629e+06
0.000000000000000000e+00 4.795065257479801774e+06
0.000000000000000000e+00 4.964003922204605304e+06
