3.664205484018475388e-04 2.482724914052501397e+00
4.158698501930132934e-04 2.570195721922062138e+00
4.715494802278153937e-04 2.660748281694963246e+00
5.341675198541108189e-04 2.754491168963736136e+00
6.044999560307605119e-04 2.851536784631865107e+00
6.833952650460555769e-04 2.952001489686274294e+00
7.717790232856524841e-04 3.056005744718105710e+00
8.706584994621131184e-04 3.163674254359064353e+00
9.811271772155205108e-04 3.275136116806490083e+00
1.104369151739495979e-03 3.390524978616486607e+00
1.241663339293250234e-03 3.509979194950675563e+00
1.394387434342773090e-03 3.633641995468729124e+00
1.564021545813445296e-03 3.761661656065605985e+00
1.752151441764646100e-03 3.894191676659361168e+00
1.960471330932206640e-03 4.031390965242768409e+00
2.190786110240078906e-03 4.173424028419406184e+00
2.445013009701811624e-03 4.320461168652640183e+00
2.725182570342720573e-03 4.472678688464068131e+00
3.033438896902461001e-03 4.630259101826224466e+00
3.372039135255065247e-03 4.793391353003025657e+00
3.743352134629803103e-03 4.962271043100369816e+00
4.149856266814472804e-03 5.137100664598475142e+00
4.594136388323822283e-03 5.318089844147252165e+00
5.078879946832671848e-03 5.505455593915786316e+00
5.606872249586294932e-03 5.699422571797259529e+00
6.180990928614577516e-03 5.900223350781415910e+00
6.804199654839836360e-03 6.108098697817459843e+00
7.479541169994633094e-03 6.323297862501795485e+00
8.210129721014265691e-03 6.546078875936779617e+00
8.999142995563943689e-03 6.776708860118726641e+00
9.849813668936512751e-03 7.015464348226274183e+00
1.076542068104713833e-02 7.262631616193069739e+00
1.174928036713753302e-02 7.518507025962283485e+00
1.280473756654001462e-02 7.783397380834671253e+00
1.393515683014462728e-02 8.057620293336137607e+00
1.514391383887299207e-02 8.341504566045923497e+00
1.643438713247618796e-02 8.635390585842086963e+00
1.780995023057824200e-02 8.939630732036887295e+00
1.927396420651011216e-02 9.254589798891547758e+00
2.082977074971618242e-02 9.580645433016997004e+00
2.248068572529068887e-02 9.918188586184907507e+00
2.422999321043440776e-02 1.026762398409218413e+01
2.608093995853830172e-02 1.062937061164080177e+01
2.803673021341655108e-02 1.100386221531489817e+01
3.010052077022038614e-02 1.139154782325759818e+01
3.227541615702866212e-02 1.179289228367090381e+01
3.456446379321403278e-02 1.220837682218452436e+01
3.697064896844298038e-02 1.263849961886175421e+01
3.949688948039776354e-02 1.308377640553422161e+01
4.214602977056629285e-02 1.354474108418188827e+01
4.492083440594600574e-02 1.402194636709965714e+01
4.782398077018594484e-02 1.451596443961813421e+01
5.085805085008763410e-02 1.502738764617333445e+01
5.402552203175133017e-02 1.555682920054766605e+01
5.732875685393104548e-02 1.610492392113411952e+01
6.076999170303726272e-02 1.667232899210511476e+01
6.435132447327884808e-02 1.725972475139852236e+01
6.807470125508105485e-02 1.786781550646601957e+01
7.194190215367111951e-02 1.849733037876161035e+01
7.595452637615875136e-02 1.914902417798296952e+01
8.011397675837837740e-02 1.982367830711396550e+01
8.442144393124430268e-02 2.052210169935325368e+01
8.887789034984434899e-02 2.124513178805268154e+01
9.348403442666976260e-02 2.199363551082836921e+01
9.824033502340742685e-02 2.276851034904821347e+01
1.031469765639229513e-01 2.357068540394259060e+01
1.082038550351720613e-01 2.440112251062823034e+01
1.134105651434619833e-01 2.526081739138116333e+01
1.187663888917070976e-01 2.615080084954161421e+01
1.242702858396977084e-01 2.707214000548204424e+01
1.299208853046893708e-01 2.802593957612075926e+01
1.357164807541244855e-01 2.901334319951505947e+01
1.416550266361353005e-01 3.003553480612200133e+01
1.477341378865259236e-01 3.109374003837119460e+01
1.539510923426115341e-01 3.218922772025171497e+01
1.603028362839415133e-01 3.332331137867513604e+01
1.667859933065823919e-01 3.449735081843885354e+01
1.733968767201963246e-01 3.571275375267818220e+01
1.801315056345244581e-01 3.697097749076217355e+01
1.869856248729300507e-01 3.827353068565707872e+01
1.939547288143869119e-01 3.962197514285239919e+01
2.010340892208344887e-01 4.101792769301867736e+01
2.082187870535117391e-01 4.246306213064234214e+01
2.155037482193573883e-01 4.395911122096214996e+01
2.228837831167268246e-01 4.550786877761351690e+01
2.303536297688033030e-01 4.711119181347186213e+01
2.379080002438440367e-01 4.877100276727413330e+01
2.455416299649094414e-01 5.048929180868815791e+01
2.532493294095555236e-01 5.226811922459354065e+01
2.610260375942546340e-01 5.410961788943556172e+01
2.688668766316284486e-01 5.601599582261403043e+01
2.767672065441341145e-01 5.798953883597353354e+01
2.847226794191729526e-01 6.003261327456943519e+01
2.927292919018108508e-01 6.214766885399576068e+01
3.007834349465969281e-01 6.433724159767746187e+01
3.088819396938491946e-01 6.660395687764861350e+01
3.170221183025757061e-01 6.895053256246252715e+01
3.252017985660058952e-01 7.137978227600831360e+01
3.334193511601589166e-01 7.389461877114152344e+01
3.416737084337971853e-01 7.649805742217370153e+01
3.499643737414602773e-01 7.919321984040851703e+01
3.582914204507888778e-01 8.198333761705953293e+01
3.666554799204861936e-01 8.487175619803784343e+01
3.750577179439775199e-01 8.786193889525534928e+01
3.834997993826148033e-01 9.095747103925327792e+01
3.919838409660267864e-01 9.416206427813490620e+01
4.005123525094174131e-01 9.747956102795791367e+01
4.090881670803259151e-01 1.009139390799216613e+02
4.177143609316524842e-01 1.044693163698737095e+02
4.263941642937269516e-01 1.081499559158545480e+02
4.351308643756246486e-01 1.119602709296011653e+02
4.439277021544795199e-01 1.159048301081376309e+02
4.527877647214887946e-01 1.199883631117978808e+02
4.617138750957203164e-01 1.242157662352488643e+02
4.707084815045649018e-01 1.285921082783141287e+02
4.797735481573583982e-01 1.331226366236369358e+02
4.889104495035360709e-01 1.378127835284700780e+02
4.981198698685824766e-01 1.426681726381365536e+02
5.074017102028318682e-01 1.476946257289712605e+02
5.167550034656819280e-01 1.528981696888286308e+02
5.261778399095425884e-01 1.582850437435255060e+02
5.356673032349439367e-01 1.638617069378846054e+02
5.452194182735253802e-01 1.696348458803484789e+02
5.548291105333506001e-01 1.756113827604502262e+02
5.644901776257008619e-01 1.817984836487536313e+02
5.741952722984507984e-01 1.882035670892146015e+02
5.839358965412042579e-01 1.948343129942674921e+02
5.937024060125343228e-01 2.016986718533008229e+02
6.034840238780955213e-01 2.088048742655639387e+02
6.132688630451031964e-01 2.161614408089344010e+02
6.230439557352428492e-01 2.237771922563803173e+02
6.327952893526354039e-01 2.316612601523668786e+02
6.425078476708040442e-01 2.398230977618876523e+02
6.521656564747820850e-01 2.482724914052501504e+02
6.617518329412896971e-01 2.570195721922059420e+02
6.712486382097349047e-01 2.660748281694960724e+02
6.806375327773824813e-01 2.754491168963735959e+02
6.898992345313058605e-01 2.851536784631865089e+02
6.990137793965444102e-01 2.952001489686274454e+02
7.079605847247423256e-01 3.056005744718105461e+02
7.167185156627861042e-01 3.163674254359064548e+02
7.252659548215598662e-01 3.275136116806490350e+02
7.335808756078935344e-01 3.390524978616483054e+02
7.416409195878226335e-01 3.509979194950672081e+02
7.494234782177661147e-01 3.633641995468728965e+02
7.569057792156569375e-01 3.761661656065606394e+02
7.640649777507544371e-01 3.894191676659361860e+02
7.708782525143650366e-01 4.031390965242767948e+02
7.773229065995834741e-01 4.173424028419406113e+02
7.833764729722006992e-01 4.320461168652640254e+02
7.890168241625248324e-01 4.472678688464063157e+02
7.942222856538806441e-01 4.630259101826220558e+02
7.989717522923465154e-01 4.793391353003025870e+02
8.032448068974969990e-01 4.962271043100369070e+02
8.070218401187249091e-01 5.137100664598475532e+02
8.102841704588091831e-01 5.318089844147252734e+02
8.130141632781501260e-01 5.505455593915786494e+02
8.151953475017813533e-01 5.699422571797259707e+02
8.168125286789814643e-01 5.900223350781410545e+02
8.178518969942374373e-01 6.108098697817454195e+02
8.183011288006133421e-01 6.323297862501796089e+02
8.181494802444119196e-01 6.546078875936779014e+02
8.173878715755248381e-01 6.776708860118726534e+02
8.160089607928825428e-01 7.015464348226274751e+02
8.140072053606446367e-01 7.262631616193069704e+02
8.113789108492226454e-01 7.518507025962284160e+02
8.081222655064436156e-01 7.783397380834663863e+02
8.042373599477952162e-01 8.057620293336129862e+02
7.997261913694674318e-01 8.341504566045922502e+02
7.945926519314915337e-01 8.635390585842087603e+02
7.888425012271967907e-01 8.939630732036887366e+02
7.824833230447659771e-01 9.254589798891547616e+02
7.755244669310303873e-01 9.580645433016995867e+02
7.679769753797746068e-01 9.918188586184908218e+02
7.598534977786880473e-01 1.026762398409217440e+03
7.511681925518589598e-01 1.062937061164079068e+03
7.419366192187734077e-01 1.100386221531490037e+03
7.321756223463692370e-01 1.139154782325759697e+03
7.219032095879063249e-01 1.179289228367090573e+03
7.111384261717883515e-01 1.220837682218452301e+03
6.999012283163044135e-01 1.263849961886175379e+03
6.882123580951109432e-01 1.308377640553421998e+03
6.760932222572829664e-01 1.354474108418187598e+03
6.635657774111336504e-01 1.402194636709964243e+03
6.506524238113667868e-01 1.451596443961813520e+03
6.373759097456289657e-01 1.502738764617333345e+03
6.237592482032829899e-01 1.555682920054766555e+03
6.098256471331505724e-01 1.610492392113411825e+03
5.955984541676999644e-01 1.667232899210511277e+03
5.811011162210638625e-01 1.725972475139852122e+03
5.663571538717216969e-01 1.786781550646600181e+03
5.513901499338965673e-01 1.849733037876159415e+03
5.362237511219327679e-01 1.914902417798296938e+03
5.208816812366755533e-01 1.982367830711396664e+03
5.053877638695148944e-01 2.052210169935325212e+03
4.897659522442493474e-01 2.124513178805267671e+03
4.740403635135636562e-01 2.199363551082836693e+03
4.582353146073559480e-01 2.276851034904821518e+03
4.423753566030643736e-01 2.357068540394256615e+03
4.264853045588107294e-01 2.440112251062820633e+03
4.105902598202912923e-01 2.526081739138116518e+03
3.947156219800033727e-01 2.615080084954161521e+03
3.788870879274000014e-01 2.707214000548204240e+03
3.631306357725882505e-01 2.802593957612074973e+03
3.474724918434102805e-01 2.901334319951506131e+03
3.319390794333467176e-01 3.003553480612199564e+03
3.165569485013585704e-01 3.109374003837116561e+03
3.013526860794798479e-01 3.218922772025170161e+03
2.863528077142084016e-01 3.332331137867513462e+03
2.715836308381590070e-01 3.449735081843885837e+03
2.570711315241484551e-01 3.571275375267818617e+03
2.428407866005392046e-01 3.697097749076215223e+03
2.289174035908663751e-01 3.827353068565707417e+03
2.153249413699748760e-01 3.962197514285240231e+03
2.020863247916031558e-01 4.101792769301863700e+03
1.892232568283518379e-01 4.246306213064231997e+03
1.767560319653457557e-01 4.395911122096214967e+03
1.647033546964657424e-01 4.550786877761352116e+03
1.530821669816541664e-01 4.711119181347185986e+03
1.419074884327064245e-01 4.877100276727411256e+03
1.311922728032509089e-01 5.048929180868815820e+03
1.209472840694911372e-01 5.226811922459354719e+03
1.111809950082976450e-01 5.410961788943550346e+03
1.018995107184008653e-01 5.601599582261400428e+03
9.310651900192089270e-02 5.798953883597353524e+03
8.480326894330597609e-02 6.003261327456943036e+03
7.698857840916509265e-02 6.214766885399576495e+03
6.965887056497194196e-02 6.433724159767743004e+03
6.280823888312417336e-02 6.660395687764860668e+03
5.642853952060129102e-02 6.895053256246251294e+03
5.050950939104181803e-02 7.137978227600823629e+03
4.503890776054043921e-02 7.389461877114147683e+03
4.000267877066786965e-02 7.649805742217369698e+03
3.538513194439463910e-02 7.919321984040851930e+03
3.116913746527189347e-02 8.198333761705953293e+03
2.733633283833493063e-02 8.487175619803780137e+03
2.386733744059196805e-02 8.786193889525537088e+03
2.074197144498433551e-02 9.095747103925326883e+03
1.793947564794591554e-02 9.416206427813480332e+03
1.543872883980129500e-02 9.747956102795787956e+03
1.321845952161249636e-02 1.009139390799216744e+04
1.125744898447030538e-02 1.044693163698737044e+04
9.534723021137510302e-03 1.081499559158545526e+04
8.029729829803497823e-03 1.119602709296011017e+04
6.722501990806877166e-03 1.159048301081376303e+04
5.593800745435062970e-03 1.199883631117978803e+04
4.625241177444192574e-03 1.242157662352487569e+04
3.799397288627237926e-03 1.285921082783140628e+04
3.099886364704064739e-03 1.331226366236369358e+04
2.511432440981904279e-03 1.378127835284700632e+04
2.019909091198784923e-03 1.426681726381365479e+04
1.612362168807458460e-03 1.476946257289711866e+04
1.277013517483819704e-03 1.528981696888286388e+04
1.003247025749215340e-03 1.582850437435255117e+04
7.815787178712430309e-04 1.638617069378844462e+04
6.036128386827556295e-04 1.696348458803483663e+04
4.619860939168807332e-04 1.756113827604502148e+04
3.503023424513285601e-04 1.817984836487536086e+04
2.630600976309850213e-04 1.882035670892145936e+04
1.955751800726387632e-04 1.948343129942673841e+04
1.439007761748486243e-04 2.016986718533008388e+04
1.047470007577522104e-04 2.088048742655639580e+04
7.540184804562545507e-05 2.161614408089341669e+04
5.365515463886636225e-05 2.237771922563802218e+04
3.772690532950142038e-05 2.316612601523668854e+04
2.620090283633473203e-05 2.398230977618876568e+04
1.796451108968116569e-05 2.482724914052501481e+04
1.215488295204054182e-05 2.570195721922059238e+04
8.111809730421305217e-06 2.660748281694958132e+04
5.337091442917485109e-06 2.754491168963735981e+04
3.460130409723785633e-06 2.851536784631862247e+04
2.209299953617724511e-06 2.952001489686274363e+04
1.388535253663729939e-06 3.056005744718105780e+04
8.585323043907152208e-07 3.163674254359061524e+04
5.219188041179019638e-07 3.275136116806490099e+04
3.117713163666693408e-07 3.390524978616482986e+04
1.828889910257162490e-07 3.509979194950675446e+04
1.052880469817204678e-07 3.633641995468729147e+04
5.944602977655655130e-08 3.761661656065602438e+04
3.289432825608279127e-08 3.894191676659361838e+04
1.782646513685575148e-08 4.031390965242768289e+04
9.454451440832869096e-09 4.173424028419402021e+04
4.903474979711498924e-09 4.320461168652640481e+04
2.484998590436382985e-09 4.472678688464063453e+04
1.229557631051713032e-09 4.630259101826215192e+04
5.934795300298619201e-10 4.793391353003025142e+04
2.792012555439659489e-10 4.962271043100363750e+04
1.279060423136299015e-10 5.137100664598475123e+04
5.700596516987682470e-11 5.318089844147252734e+04
2.469359114688404401e-11 5.505455593915780628e+04
1.038597444385240032e-11 5.699422571797260025e+04
4.236998250762140730e-12 5.900223350781410409e+04
1.674751839614616916e-12 6.108098697817459470e+04
6.406789323537808847e-13 6.323297862501796044e+04
2.369342545482719457e-13 6.546078875936772238e+04
8.460473976308508266e-14 6.776708860118726443e+04
2.913430870242482760e-14 7.015464348226274888e+04
9.662795377249880996e-15 7.262631616193061927e+04
3.082578820024691647e-15 7.518507025962283660e+04
9.445914108664461387e-16 7.783397380834663636e+04
2.776363211885247923e-16 8.057620293336121540e+04
7.815800210501751652e-17 8.341504566045923275e+04
2.104143840189420414e-17 8.635390585842078144e+04
5.408774573532258144e-18 8.939630732036886911e+04
1.325367803293782260e-18 9.254589798891548708e+04
3.090691834729407938e-19 9.580645433016987226e+04
6.846973090125162268e-20 9.918188586184907763e+04
1.438402167197043204e-20 1.026762398409217421e+05
2.860146907265007079e-21 1.062937061164080224e+05
5.372563335223923350e-22 1.100386221531490010e+05
9.514570580554962960e-23 1.139154782325758570e+05
1.585294163245780797e-23 1.179289228367090400e+05
2.479764087298176720e-24 1.220837682218452392e+05
3.633495674778020274e-25 1.263849961886174133e+05
4.975681901443254580e-26 1.308377640553421952e+05
6.352708308718049950e-27 1.354474108418187534e+05
7.543480278425564692e-28 1.402194636709962797e+05
8.309627787736268103e-29 1.451596443961813638e+05
8.469147309479833282e-30 1.502738764617331908e+05
7.964471729701387028e-31 1.555682920054766582e+05
6.891319857258975447e-32 1.610492392113411915e+05
5.470179616657612818e-33 1.667232899210509495e+05
3.971323025877098365e-34 1.725972475139852031e+05
2.628678721059301816e-35 1.786781550646600372e+05
1.581228290880730806e-36 1.849733037876161397e+05
8.614750440369324126e-38 1.914902417798296956e+05
4.236103893787819986e-39 1.982367830711394490e+05
1.873258080623021633e-40 2.052210169935325393e+05
7.421843658135624565e-42 2.124513178805267962e+05
2.624387831688569041e-43 2.199363551082834601e+05
8.249086880547586759e-45 2.276851034904821427e+05
2.295322392017599900e-46 2.357068540394256415e+05
5.629583834447163830e-48 2.440112251062818104e+05
1.211637719517500715e-49 2.526081739138116245e+05
2.277897939209282558e-51 2.615080084954159101e+05
3.722985822187149940e-53 2.707214000548204058e+05
5.263830563549813509e-55 2.802593957612075028e+05
6.405427180370932126e-57 2.901334319951502839e+05
6.673199648670593903e-59 3.003553480612199637e+05
5.919475391094937248e-61 3.109374003837116179e+05
4.445646466526684257e-63 3.218922772025173181e+05
2.810231280827181407e-65 3.332331137867513462e+05
1.486167412086466710e-67 3.449735081843882217e+05
6.534045053674107312e-70 3.571275375267818454e+05
2.372789706400234381e-72 3.697097749076215550e+05
7.069253549150047533e-75 3.827353068565704161e+05
1.715917599947359351e-77 3.962197514285240322e+05
3.368934240123989559e-80 4.101792769301863736e+05
5.310263653894366907e-83 4.246306213064227486e+05
6.668174180128358642e-86 4.395911122096215258e+05
6.617387387533940702e-89 4.550786877761346987e+05
5.146996496329244878e-92 4.711119181347186095e+05
3.110863244827026849e-95 4.877100276727410965e+05
1.448132840637286724e-98 5.048929180868810508e+05
5.144474905104647437e-102 5.226811922459354391e+05
1.381474404440004395e-105 5.410961788943550782e+05
2.776719587198929954e-109 5.601599582261405885e+05
4.135004574941382976e-113 5.798953883597353706e+05
4.514253926243614562e-117 6.003261327456937870e+05
3.573646194680566267e-121 6.214766885399576277e+05
2.028312626586136255e-125 6.433724159767744131e+05
8.157647531611033103e-130 6.660395687764853938e+05
2.296842647563383545e-134 6.895053256246251985e+05
4.470722254324938143e-139 7.137978227600824321e+05
5.938215069377449363e-144 7.389461877114140661e+05
5.310294255234262760e-149 7.649805742217371007e+05
3.152915379792284237e-154 7.919321984040843090e+05
1.225096977297384998e-159 8.198333761705954093e+05
3.069061729168488862e-165 8.487175619803779991e+05
4.880921177048665425e-171 8.786193889525526902e+05
4.849605115345531496e-177 9.095747103925326373e+05
2.960886889183435667e-183 9.416206427813480841e+05
1.091935474739302729e-189 9.747956102795798797e+05
2.389561421003165318e-196 1.009139390799216693e+06
3.046492152369977823e-203 1.044693163698735996e+06
2.220116739406381958e-210 1.081499559158545453e+06
9.067497134497115311e-218 1.119602709296011133e+06
2.033646121198197456e-225 1.159048301081375219e+06
2.452268466579536098e-233 1.199883631117978832e+06
1.555501810236963326e-241 1.242157662352487445e+06
5.074036498707640747e-250 1.285921082783139544e+06
8.314604382038074597e-259 1.331226366236369358e+06
6.680368241008534653e-268 1.378127835284699453e+06
2.566402456797472047e-277 1.426681726381365443e+06
4.593304048247567586e-287 1.476946257289711852e+06
3.728331107579776644e-297 1.528981696888284758e+06
1.334730605654147102e-307 1.582850437435255386e+06
2.048470277504684359e-318 1.638617069378844462e+06
0.000000000000000000e+00 1.696348458803485613e+06
0.000000000000000000e+00 1.756113827604502207e+06
0.000000000000000000e+00 1.817984836487534456e+06
0.000000000000000000e+00 1.882035670892145950e+06
0.000000000000000000e+00 1.948343129942673724e+06
0.000000000000000000e+00 2.016986718533006497e+06
0.000000000000000000e+00 2.088048742655639770e+06
0.000000000000000000e+00 2.161614408089341596e+06
0.000000000000000000e+00 2.237771922563799657e+06
0.000000000000000000e+00 2.316612601523668505e+06
0.000000000000000000e+00 2.398230977618874051e+06
0.000000000000000000e+00 2.482724914052501321e+06
