1.100586162912534194e+00 1.480823507734992743e+09
1.109351557008195321e+00 1.532995549752482653e+09
1.118400157201781875e+00 1.587005705464181900e+09
1.127740174038440291e+00 1.642918734879898310e+09
1.137379987952895855e+00 1.700801679619599819e+09
1.147328147468246629e+00 1.760723943298581600e+09
1.157593366853725270e+00 1.822757374744762421e+09
1.168184523196432512e+00 1.886976354147871733e+09
1.179110652839379325e+00 1.953457882243811846e+09
1.190380947135518452e+00 2.022281672641161442e+09
1.202004747464599843e+00 2.093530247400494814e+09
1.213991539456837243e+00 2.167289035981131077e+09
1.226350946364422878e+00 2.243646477673964977e+09
1.239092721518919804e+00 2.322694127643165588e+09
1.252226739809456868e+00 2.404526766703930378e+09
1.265762988113611875e+00 2.489242514967906952e+09
1.279711554609663793e+00 2.576942949492525101e+09
1.294082616895768867e+00 2.667733226075342655e+09
1.308886428838487381e+00 2.761722205339416027e+09
1.324133306069921412e+00 2.859022583260877609e+09
1.339833610049716794e+00 2.959751026295247078e+09
1.355997730605144280e+00 3.064028311264455318e+09
1.372636066859619808e+00 3.171979470172361374e+09
1.389759006457311097e+00 3.283733940122377872e+09
1.407376902988902057e+00 3.399425718516931057e+09
1.425500051521310096e+00 3.519193523724910736e+09
1.444138662132105511e+00 3.643180961409693718e+09
1.463302831347693678e+00 3.771536696717209816e+09
1.483002511383021194e+00 3.904414632530509949e+09
1.503247477079747041e+00 4.041974094004522800e+09
1.524047290439504376e+00 4.184380019602336884e+09
1.545411262649200035e+00 4.331803158862027168e+09
1.567348413496308046e+00 4.484420277131120682e+09
1.589867428073940214e+00 4.642414367514266014e+09
1.612976610678128253e+00 4.805974870288170815e+09
1.636683835803500076e+00 4.975297900046920776e+09
1.660996496148309021e+00 5.150586480850049019e+09
1.685921447545818408e+00 5.332050789655250549e+09
1.711464950746487856e+00 5.519908408327697754e+09
1.737632609984270049e+00 5.714384584528100014e+09
1.764429308270912156e+00 5.915712501792263031e+09
1.791859139374516019e+00 6.124133559126077652e+09
1.819925336452871800e+00 6.339897660451126099e+09
1.848630197328515745e+00 6.563263514247947693e+09
1.877975006411126024e+00 6.794498943756326675e+09
1.907959953293979716e+00 7.033881208104390144e+09
1.938584048074922794e+00 7.281697334751751900e+09
1.969845033478734964e+00 7.538244463645182610e+09
2.001739293887209836e+00 7.803830203499463081e+09
2.034261761415684600e+00 8.078773000630687714e+09
2.067405819210460294e+00 8.363402520784210205e+09
2.101163202180508449e+00 8.658060044415046692e+09
2.135523895419332518e+00 8.963098875894762039e+09
2.170476030618762486e+00 9.278884767135341644e+09
2.206005780826011620e+00 9.605796356138191223e+09
2.242097253948373226e+00 9.944225620993959427e+09
2.278732385466615273e+00 1.029457834987753105e+10
2.315890830878200912e+00 1.065727462760185051e+10
2.353549858454930810e+00 1.103274933931386566e+10
2.391684242966139795e+00 1.142145269193656731e+10
2.430266161088005195e+00 1.182385075398241043e+10
2.469265089291361015e+00 1.224042601438521767e+10
2.508647705074364520e+00 1.267167796102081108e+10
2.548377792481641979e+00 1.311812367960997581e+10
2.588416152927644820e+00 1.358029847372171402e+10
2.628720522418019900e+00 1.405875650662043190e+10
2.669245496337845136e+00 1.455407146572649956e+10
2.709942463048565120e+00 1.506683725048691940e+10
2.750759547605173161e+00 1.559766868448098373e+10
2.791641566970169741e+00 1.614720225261452103e+10
2.832529998159610152e+00 1.671609686428694725e+10
2.873362960807390287e+00 1.730503464344602203e+10
2.914075215674948982e+00 1.791472174647758484e+10
2.954598180662829865e+00 1.854588920891101837e+10
2.994859965895857457e+00 1.919929382195566940e+10
3.034785429452763417e+00 1.987571903991921997e+10
3.074296255291683710e+00 2.057597591959597015e+10
3.113311054882462958e+00 2.130090409275145340e+10
3.151745493992850644e+00 2.205137277286941910e+10
3.189512445985907441e+00 2.282828179736833954e+10
3.226522172867877014e+00 2.363256270653698349e+10
3.262682535177337417e+00 2.446517986048282623e+10
3.297899231625395444e+00 2.532713159543257141e+10
3.332076069181432398e+00 2.621945142077117538e+10
3.365115264048094357e+00 2.714320925825467682e+10
3.396917773681875641e+00 2.809951272488265991e+10
3.427383659691621620e+00 2.908950846096865463e+10
3.456412481086902577e+00 3.011438350500082016e+10
3.483903716952791108e+00 3.117536671694134521e+10
3.509757217199183987e+00 3.227373025167123413e+10
3.533873679574846882e+00 3.341079108434720993e+10
3.556155150652897223e+00 3.458791258949963379e+10
3.576505547991368772e+00 3.580650617576486969e+10
3.594831200156478168e+00 3.706803297821202850e+10
3.611041400775522714e+00 3.837400561029361725e+10
3.625048972270689340e+00 3.972598997752037811e+10
3.636770834425054666e+00 4.112560715503514862e+10
3.646128572460126005e+00 4.257453533133693695e+10
3.653048998873440922e+00 4.407451182048590088e+10
3.657464702909184684e+00 4.562733514520193481e+10
3.659314581229270669e+00 4.723486719335441589e+10
3.658544343131901133e+00 4.889903545042888641e+10
3.655106983544196275e+00 5.062183531064762878e+10
3.648963217009431048e+00 5.240533246951509094e+10
3.640081866010944189e+00 5.425166540065692902e+10
3.628440197235366593e+00 5.616304791992228699e+10
3.614024199786496361e+00 5.814177183982430267e+10
3.596828799924110420e+00 6.019020971750109863e+10
3.576858007621341873e+00 6.231081769949228668e+10
3.554124991108283727e+00 6.450613846674191284e+10
3.528652076590893305e+00 6.677880428335933685e+10
3.500470671491168417e+00 6.913154015279328918e+10
3.469621110828565502e+00 7.156716708520336914e+10
3.436152427730142289e+00 7.408860547994699097e+10
3.400122050488222580e+00 7.669887862723736572e+10
3.361595430044429733e+00 7.940111633317108154e+10
3.320645603228053577e+00 8.219855867247189331e+10
3.277352698471152959e+00 8.509455987345010376e+10
3.231803392016428855e+00 8.809259233983630371e+10
3.184090323779392495e+00 9.119625081431127930e+10
3.134311482977389485e+00 9.440925668872454834e+10
3.082569574350769059e+00 9.773546246616931152e+10
3.028971376237396651e+00 1.011788563802644806e+11
2.973627101889098068e+00 1.047435671771822968e+11
2.916649775215411466e+00 1.084338690661550751e+11
2.858154631594863826e+00 1.122541868443969269e+11
2.798258553508734536e+00 1.162091012025859528e+11
2.737079549542202894e+00 1.203033542172679291e+11
2.674736283792623404e+00 1.245418550367670288e+11
2.611347660968032613e+00 1.289296857674209595e+11
2.547032470507613944e+00 1.334721075671992340e+11
2.481909090977429955e+00 1.381745669540101929e+11
2.416095253865663928e+00 1.430427023362607727e+11
2.349707863803490060e+00 1.480823507734992676e+11
2.282862870253577814e+00 1.532995549752481079e+11
2.215675183918592417e+00 1.587005705464180298e+11
2.148258629600361402e+00 1.642918734879898376e+11
2.080725926049213914e+00 1.700801679619599915e+11
2.013188682530718143e+00 1.760723943298581848e+11
1.945757401434483391e+00 1.822757374744762573e+11
1.878541476268946075e+00 1.886976354147871704e+11
1.811649174819627284e+00 1.953457882243812256e+11
1.745187598069455559e+00 2.022281672641159363e+11
1.679262606644928102e+00 2.093530247400492554e+11
1.613978708003011908e+00 2.167289035981130676e+11
1.549438899242267187e+00 2.243646477673965149e+11
1.485744462233545171e+00 2.322694127643165894e+11
1.422994709644464395e+00 2.404526766703930054e+11
1.361286682304924112e+00 2.489242514967906799e+11
1.300714800161958173e+00 2.576942949492525024e+11
1.241370470744940890e+00 2.667733226075339966e+11
1.183341660562464259e+00 2.761722205339413452e+11
1.126712436148615604e+00 2.859022583260877686e+11
1.071562482550111106e+00 2.959751026295247192e+11
1.017966607889652986e+00 3.064028311264455566e+11
9.659942432567781845e-01 3.171979470172361450e+11
9.157089475744005780e-01 3.283733940122377930e+11
8.671679272803013427e-01 3.399425718516931763e+11
8.204215806626374841e-01 3.519193523724907227e+11
7.755130765115606506e-01 3.643180961409690552e+11
7.324779764074020871e-01 3.771536696717210693e+11
6.913439094690382314e-01 3.904414632530510254e+11
6.521303077406226389e-01 4.041974094004522705e+11
6.148482096047462875e-01 4.184380019602337036e+11
5.795001376781105940e-01 4.331803158862027588e+11
5.460800565745932422e-01 4.484420277131120605e+11
5.145734147143176118e-01 4.642414367514260864e+11
4.849572730233362994e-01 4.805974870288165894e+11
4.572005219182089797e-01 4.975297900046920776e+11
4.312641864200338349e-01 5.150586480850049438e+11
4.071018176162461422e-01 5.332050789655250244e+11
3.846599670146821359e-01 5.519908408327697754e+11
3.638787386480609176e-01 5.714384584528099365e+11
3.446924121284410392e-01 5.915712501792263184e+11
3.270301282649004104e-01 6.124133559126071777e+11
3.108166273911054378e-01 6.339897660451119385e+11
2.959730292510984739e-01 6.563263514247947998e+11
2.824176422091627670e-01 6.794498943756325684e+11
2.700667887277596879e-01 7.033881208104390869e+11
2.588356335355216920e-01 7.281697334751750488e+11
2.486390007170118654e-01 7.538244463645183105e+11
2.393921661195125561e-01 7.803830203499462891e+11
2.310116120000316742e-01 8.078773000630679932e+11
2.234157317255423825e-01 8.363402520784201660e+11
2.165254735746111048e-01 8.658060044415047607e+11
2.102649142381061154e-01 8.963098875894759521e+11
2.045617544357170581e-01 9.278884767135341797e+11
1.993477310958332860e-01 9.605796356138189697e+11
1.945589427204432176e-01 9.944225620993958740e+11
1.901360867975960545e-01 1.029457834987753052e+12
1.860246103504123727e-01 1.065727462760183960e+12
1.821747768417491253e-01 1.103274933931385498e+12
1.785416546088720025e-01 1.142145269193656738e+12
1.750850337119227995e-01 1.182385075398241211e+12
1.717692794841000625e-01 1.224042601438521729e+12
1.685631321255247339e-01 1.267167796102080811e+12
1.654394623592525815e-01 1.311812367960997559e+12
1.623749934579731269e-01 1.358029847372171387e+12
1.593499998636997705e-01 1.405875650662041748e+12
1.563479921882705570e-01 1.455407146572648438e+12
1.533553976435900190e-01 1.506683725048692139e+12
1.503612439637462550e-01 1.559766868448098389e+12
1.473568537116058397e-01 1.614720225261451904e+12
1.443355545796528583e-01 1.671609686428694092e+12
1.412924099679062628e-01 1.730503464344602295e+12
1.382239728154412428e-01 1.791472174647758545e+12
1.351280644329342917e-01 1.854588920891099854e+12
1.320035789774515467e-01 1.919929382195565918e+12
1.288503132604266743e-01 1.987571903991921875e+12
1.256688208052251232e-01 2.057597591959597168e+12
1.224602884788247026e-01 2.130090409275145508e+12
1.192264336084841586e-01 2.205137277286940918e+12
1.159694192449773620e-01 2.282828179736833984e+12
1.126917851283406602e-01 2.363256270653698242e+12
1.093963919251839528e-01 2.446517986048280273e+12
1.060863764118601393e-01 2.532713159543255859e+12
1.027651154490732827e-01 2.621945142077117676e+12
9.943619680697063368e-02 2.714320925825467773e+12
9.610339513495289032e-02 2.809951272488266113e+12
9.277065161089341483e-02 2.908950846096864258e+12
8.944205603789083525e-02 3.011438350500082031e+12
8.612183037470037827e-02 3.117536671694134766e+12
8.281431288358773180e-02 3.227373025167120117e+12
7.952394225428062458e-02 3.341079108434719238e+12
7.625524121474783201e-02 3.458791258949963867e+12
7.301279926992491898e-02 3.580650617576486816e+12
6.980125432031937527e-02 3.706803297821203613e+12
6.662527300616431780e-02 3.837400561029359863e+12
6.348952970207617785e-02 3.972598997752037598e+12
6.039868415453270717e-02 4.112560715503514648e+12
5.735735781219555157e-02 4.257453533133689453e+12
5.437010894914172388e-02 4.407451182048587891e+12
5.144140672505800177e-02 4.562733514520193359e+12
4.857560436566554091e-02 4.723486719335441406e+12
4.577691168201376143e-02 4.889903545042888672e+12
4.304936717940380936e-02 5.062183531064759766e+12
4.039681003587668878e-02 5.240533246951509766e+12
3.782285225645430626e-02 5.425166540065692383e+12
3.533085133243627635e-02 5.616304791992222656e+12
3.292388375462951267e-02 5.814177183982427734e+12
3.060471974484679086e-02 6.019020971750111328e+12
2.837579958067439762e-02 6.231081769949228516e+12
2.623921189363702042e-02 6.450613846674191406e+12
2.419667431970317500e-02 6.677880428335930664e+12
2.224951687283985291e-02 6.913154015279328125e+12
2.039866839637098986e-02 7.156716708520336914e+12
1.864464642266520922e-02 7.408860547994693359e+12
1.698755073878961339e-02 7.669887862723732422e+12
1.542706091402964476e-02 7.940111633317108398e+12
1.396243799464499599e-02 8.219855867247188477e+12
1.259253051224506863e-02 8.509455987345011719e+12
1.131578488535503468e-02 8.809259233983625000e+12
1.013026022006409052e-02 9.119625081431128906e+12
9.033647436389954238e-03 9.440925668872455078e+12
8.023292563768475924e-03 9.773546246616919922e+12
7.096223963814509567e-03 1.011788563802644141e+13
6.249183153394241921e-03 1.047435671771823047e+13
5.478658818527464523e-03 1.084338690661550781e+13
4.780923532284731339e-03 1.122541868443969141e+13
4.152072620313495589e-03 1.162091012025858984e+13
3.588064558551825201e-03 1.203033542172679492e+13
3.084762241564146731e-03 1.245418550367670312e+13
2.637974428999103130e-03 1.289296857674208398e+13
2.243496663791176744e-03 1.334721075671991797e+13
1.897150960273361921e-03 1.381745669540102148e+13
1.594823584106439202e-03 1.430427023362607617e+13
1.332500288942158962e-03 1.480823507734992578e+13
1.106298436348438418e-03 1.532995549752481055e+13
9.124955042826931153e-04 1.587005705464178711e+13
7.475535830793064935e-04 1.642918734879898438e+13
6.081395635748962228e-04 1.700801679619598242e+13
4.911408360634625381e-04 1.760723943298581641e+13
3.936764372019953945e-04 1.822757374744762500e+13
3.131037004162620587e-04 1.886976354147869922e+13
2.470205793294328179e-04 1.953457882243811719e+13
1.932639189186618892e-04 2.022281672641159375e+13
1.499040415216771488e-04 2.093530247400494531e+13
1.152360910682251376e-04 2.167289035981130859e+13
8.776863637394933582e-05 2.243646477673962891e+13
6.621007130791876233e-05 2.322694127643165625e+13
4.945336545466708008e-05 2.404526766703930078e+13
3.655971392346049685e-05 2.489242514967904297e+13
2.674161062355098732e-05 2.576942949492525000e+13
1.934582796036764715e-05 2.667733226075339844e+13
1.383673060982135978e-05 2.761722205339410547e+13
9.780285437301169965e-06 2.859022583260877344e+13
6.829057683627563633e-06 2.959751026295243750e+13
4.708409218299521731e-06 3.064028311264455469e+13
3.204041720539664472e-06 3.171979470172361328e+13
2.150959409465051858e-06 3.283733940122374219e+13
1.423865104679071481e-06 3.399425718516931641e+13
9.289519159881294474e-07 3.519193523724907031e+13
5.970118998499776873e-07 3.643180961409693750e+13
3.777529622314833071e-07 3.771536696717210156e+13
2.351958039921234548e-07 3.904414632530505469e+13
1.440128764815587519e-07 4.041974094004522656e+13
8.666978458274350565e-08 4.184380019602336719e+13
5.123471427995872578e-08 4.331803158862022656e+13
2.973153870389052623e-08 4.484420277131120312e+13
1.692557887809852907e-08 4.642414367514260938e+13
9.446031332331471662e-09 4.805974870288160938e+13
5.164535057191255240e-09 4.975297900046920312e+13
2.764233122483639070e-09 5.150586480850043750e+13
1.447285485285471115e-09 5.332050789655250000e+13
7.406838865590811938e-10 5.519908408327698438e+13
3.702217356293752216e-10 5.714384584528094531e+13
1.805843621777181609e-10 5.915712501792262500e+13
8.588429225533885577e-11 6.124133559126071094e+13
3.979016217512490407e-11 6.339897660451126562e+13
1.794177479307736598e-11 6.563263514247949219e+13
7.866255681578693806e-12 6.794498943756318750e+13
3.350073307017904491e-12 7.033881208104389844e+13
1.384457597084917544e-12 7.281697334751751562e+13
5.546052094017861901e-13 7.538244463645175000e+13
2.151249571332296011e-13 7.803830203499462500e+13
8.070623004378906413e-14 8.078773000630679688e+13
2.924975333448436525e-14 8.363402520784193750e+13
1.022840043043657479e-14 8.658060044415046875e+13
3.446803029090961033e-15 8.963098875894751562e+13
1.117846128827758135e-15 9.278884767135342188e+13
3.484320022809044919e-16 9.605796356138190625e+13
1.042359350513239792e-16 9.944225620993946875e+13
2.988490659142332849e-17 1.029457834987752969e+14
8.199186980286395688e-18 1.065727462760183906e+14
2.149317897816022638e-18 1.103274933931386719e+14
5.374577062337437660e-19 1.142145269193656719e+14
1.279911501829388559e-19 1.182385075398239844e+14
2.897746583955564004e-20 1.224042601438521562e+14
6.226043578613436869e-21 1.267167796102081094e+14
1.267168679684548729e-21 1.311812367960996250e+14
2.438362321069612731e-22 1.358029847372171562e+14
4.427365641079438390e-23 1.405875650662041875e+14
7.569853196793581505e-24 1.455407146572646875e+14
1.216199193010023465e-24 1.506683725048691875e+14
1.832082469666920644e-25 1.559766868448096875e+14
2.581800642742965545e-26 1.614720225261451875e+14
3.395606548780993457e-27 1.671609686428694062e+14
4.157886572770914503e-28 1.730503464344600625e+14
4.728190404731732062e-29 1.791472174647758438e+14
4.980262343705881844e-30 1.854588920891099688e+14
4.845877600413211826e-31 1.919929382195567812e+14
4.343525128656799759e-32 1.987571903991921875e+14
3.576069006096823366e-33 2.057597591959595000e+14
2.696266531742498768e-34 2.130090409275145625e+14
1.855953291297477648e-35 2.205137277286940625e+14
1.162585874925303968e-36 2.282828179736831875e+14
6.605325330799938504e-38 2.363256270653698438e+14
3.392197425415244630e-39 2.446517986048280312e+14
1.569060590533862038e-40 2.532713159543253125e+14
6.512826001212939632e-42 2.621945142077117500e+14
2.416648538082908098e-43 2.714320925825464688e+14
7.984661042538681993e-45 2.809951272488266250e+14
2.339498277066790850e-46 2.908950846096864375e+14
6.053045658827057968e-48 3.011438350500079375e+14
1.376914900824773697e-49 3.117536671694134375e+14
2.741271726180903702e-51 3.227373025167120000e+14
4.754111987674187877e-53 3.341079108434722500e+14
7.147393695707237075e-55 3.458791258949963750e+14
9.268324542704016070e-57 3.580650617576483125e+14
1.031257782847445442e-58 3.706803297821203125e+14
9.792718047148900217e-61 3.837400561029360000e+14
7.891948883253741467e-63 3.972598997752033125e+14
5.366607566255995415e-65 4.112560715503515000e+14
3.060913719902520038e-67 4.257453533133690000e+14
1.455283351400350339e-69 4.407451182048583750e+14
5.730651751321300542e-72 4.562733514520193750e+14
1.856680123450801505e-74 4.723486719335436875e+14
4.915433418742809019e-77 4.889903545042888750e+14
1.055815627423974708e-79 5.062183531064760000e+14
1.826488327550540228e-82 5.240533246951504375e+14
2.525437160115358288e-85 5.425166540065692500e+14
2.768972916203054851e-88 5.616304791992223125e+14
2.387889155623066607e-91 5.814177183982433750e+14
1.606011783838791375e-94 6.019020971750111250e+14
8.350620489735701056e-98 6.231081769949222500e+14
3.326492568817103483e-101 6.450613846674191250e+14
1.005716940897790744e-104 6.677880428335931250e+14
2.285421760704275051e-108 6.913154015279321250e+14
3.864467361337453865e-112 7.156716708520337500e+14
4.811971138958711266e-116 7.408860547994692500e+14
4.365002744782732038e-120 7.669887862723725000e+14
2.852510583109403790e-124 7.940111633317108750e+14
1.327497089615670561e-128 8.219855867247181250e+14
4.347193919280037499e-133 8.509455987345010000e+14
9.894095898604326576e-138 8.809259233983626250e+14
1.545140474725106230e-142 9.119625081431118750e+14
1.633885157594093976e-147 9.440925668872456250e+14
1.153906719989883692e-152 9.773546246616921250e+14
5.365858414346827728e-158 1.011788563802645250e+15
1.618948973560528142e-163 1.047435671771822875e+15
3.121284844031142304e-169 1.084338690661549625e+15
3.785189081342283871e-175 1.122541868443969250e+15
2.840546522206169904e-181 1.162091012025858750e+15
1.296978214050787409e-187 1.203033542172678250e+15
3.540604888437414629e-194 1.245418550367670500e+15
5.675001386397453160e-201 1.289296857674208250e+15
5.241440181725946980e-208 1.334721075671990250e+15
2.735878631266196188e-215 1.381745669540102000e+15
7.909932244576999834e-223 1.430427023362606000e+15
1.240620679712724976e-230 1.480823507734992750e+15
