2.325890365054639674e-04 3.939640536380403457e+00
2.794282790222646796e-04 4.078441069005813269e+00
3.353626978554072693e-04 4.222131790895748971e+00
4.020721121933261443e-04 4.370884992102633149e+00
4.815250975178820159e-04 4.524879032763421627e+00
5.760234293315056198e-04 4.684298556959440418e+00
6.882521535270780776e-04 4.849334714110914213e+00
8.213357181621440883e-04 5.020185388171623408e+00
9.789005691329185233e-04 5.197055434898454784e+00
1.165144559709059601e-03 5.380156927480426177e+00
1.384913447421889888e-03 5.569709410821628737e+00
1.643784647676487225e-03 5.765940164783017075e+00
1.948158277682093212e-03 5.969084476698699682e+00
2.305355353581175441e-03 6.179385923493399879e+00
2.723722794836252840e-03 6.397096663739475275e+00
3.212744640988277230e-03 6.622477740003620994e+00
3.783158595592428248e-03 6.855799391845733837e+00
4.447076681289072360e-03 7.097341379845338416e+00
5.218108420648165553e-03 7.347393321044010328e+00
6.111484554887245887e-03 7.606255036206031939e+00
7.144178883980036032e-03 7.874236909313697019e+00
8.335025367927616571e-03 8.151660259728190638e+00
9.704827183984998315e-03 8.438857727462433900e+00
1.127645400584595912e-02 8.736173672027774728e+00
1.307492337891942059e-02 9.043964585332675554e+00
1.512746173509907539e-02 9.362599519128654180e+00
1.746354034687754020e-02 9.692460527515837754e+00
2.011488139288745286e-02 1.003394312503879604e+01
2.311542932332784697e-02 1.038745676092194081e+01
2.650128290215805413e-02 1.075342531001298063e+01
3.031058368819674123e-02 1.113228758102328086e+01
3.458335731949609138e-02 1.152449784267444066e+01
3.936130479772561447e-02 1.193052636838183034e+01
4.468754203540870051e-02 1.235086000012842966e+01
5.060628722145767838e-02 1.278600273220487971e+01
5.716249705874141412e-02 1.323647631551572346e+01
6.440145459636902048e-02 1.370282088317650349e+01
7.236831316926550794e-02 1.418559559815162885e+01
8.110760280365184038e-02 1.468537932370976407e+01
9.066270727205108515e-02 1.520277131750061272e+01
1.010753216972938157e-01 1.573839195008505776e+01
1.123849021173692203e-01 1.629288344878059647e+01
1.246281196358099280e-01 1.686691066771367886e+01
1.378383326039629708e-01 1.746116188500233690e+01
1.520450906310262806e-01 1.807634962802509904e+01
1.672736840315969253e-01 1.871321152776537033e+01
1.835447515590025169e-01 1.937251120325610287e+01
2.008739579247617868e-01 2.005503917718494833e+01
2.192717506923483883e-01 2.076161382375771680e+01
2.387432037134426810e-01 2.149308234995687528e+01
2.592879514375733829e-01 2.225032181137147447e+01
2.809002152926394769e-01 2.303424016381651995e+01
3.035689200504011476e-01 2.384577735200293347e+01
3.272778948198019622e-01 2.468590643656298411e+01
3.520061502213604476e-01 2.555563476078312846e+01
3.777282205514428948e-01 2.645600515844284217e+01
4.044145574946158006e-01 2.738809720420757188e+01
4.320319603061524294e-01 2.835302850807550712e+01
4.605440264513999682e-01 2.935195605542986996e+01
4.899116064975347351e-01 3.038607759430363942e+01
5.200932476055193376e-01 3.145663307152018717e+01
5.510456112202828383e-01 3.256490611943145552e+01
5.827238524192699387e-01 3.371222559503677729e+01
6.150819507336817704e-01 3.489996717332763154e+01
6.480729849589613734e-01 3.612955499676844795e+01
6.816493473633503664e-01 3.740246338289190220e+01
7.157628956254203922e-01 3.872021859205560901e+01
7.503650436313862304e-01 4.008440065748010284e+01
7.854067948063226945e-01 4.149664527976239725e+01
8.208387238308526568e-01 4.295864578813634438e+01
8.566109143268771930e-01 4.447215517083191116e+01
8.926728613352939989e-01 4.603898817696769186e+01
9.289733481400328508e-01 4.766102349249655390e+01
9.654603072306980893e-01 4.934020599281386410e+01
1.002080674980796227e+00 5.107854907472915329e+01
1.038780249010839318e+00 5.287813707059723356e+01
1.075503556280902995e+00 5.474112774750340549e+01
1.112193738800269394e+00 5.666975489449939829e+01
1.148792462539225845e+00 5.866633100099225828e+01
1.185239853765855944e+00 6.073325002949774643e+01
1.221474465686501309e+00 6.287299028608254048e+01
1.257433277010772121e+00 6.508811739193731682e+01
1.293051722945450344e+00 6.738128735964365035e+01
1.328263758186346344e+00 6.975524977782330893e+01
1.363001950747645186e+00 7.221285110798829976e+01
1.397197604953188232e+00 7.475703809754473639e+01
1.430780911607865358e+00 7.739086131304310356e+01
1.463681123250620386e+00 8.011747879791109028e+01
1.495826752434187723e+00 8.294015985905480193e+01
1.527145791142861642e+00 8.586228898686867694e+01
1.557565949706127384e+00 8.888736991335434823e+01
1.587014913849019493e+00 9.201902981321428854e+01
1.615420618797655861e+00 9.526102365295743368e+01
1.642711539593029180e+00 9.861723869323124347e+01
1.668816996927878549e+00 1.020916991497793020e+02
1.693667477888647799e+00 1.056885710186126630e+02
1.717194970946091415e+00 1.094121670711804057e+02
1.739333314392162100e+00 1.132669520255287949e+02
1.760018557175316856e+00 1.172575478996499072e+02
1.779189330756266507e+00 1.213887395534381852e+02
1.796787230212463893e+00 1.256654804258997302e+02
1.812757202386045874e+00 1.300928984744936940e+02
1.827047938420918172e+00 1.346763023237273273e+02
1.839612267593409678e+00 1.394211876303772613e+02
1.850407548926834123e+00 1.443332436729682229e+02
1.859396056708801703e+00 1.494183601734109459e+02
1.866545355711656029e+00 1.546826343589789019e+02
1.871828661656988579e+00 1.601323782730907794e+02
1.875225182267292956e+00 1.657741263436646477e+02
1.876720434111612157e+00 1.716146432181186015e+02
1.876306530376850246e+00 1.776609318744129382e+02
1.873982434682149201e+00 1.839202420178584418e+02
1.869754176101873888e+00 1.904000787737588780e+02
1.863635020677183229e+00 1.971082116863109661e+02
1.855645594883132521e+00 2.040526840345516177e+02
1.845813956786145127e+00 2.112418224765226853e+02
1.834175610985205207e+00 2.186842470332164226e+02
1.820773463888902599e+00 2.263888814242730518e+02
1.805657716447947259e+00 2.343649637678235251e+02
1.788885692144600581e+00 2.426220576573070673e+02
1.770521598838193933e+00 2.511700636285441135e+02
1.750636223975812200e+00 2.600192310308144101e+02
1.729306563689602783e+00 2.691801703161749515e+02
1.706615387400832740e+00 2.786638657617523904e+02
1.682650740713046877e+00 2.884816886402639398e+02
1.657505390573784432e+00 2.986454108545588610e+02
1.631276217882217328e+00 3.091672190525299584e+02
1.604063563880869792e+00 3.200597292393181306e+02
1.575970537752626743e+00 3.313360019043307716e+02
1.547102293808469975e+00 3.430095576812109925e+02
1.517565287456815293e+00 3.550943935595370817e+02
1.487466519755586081e+00 3.676049996676881051e+02
1.456912780732162238e+00 3.805563766469994107e+02
1.426009901790536993e+00 3.939640536380403546e+02
1.394862027394873083e+00 4.078441069005809254e+02
1.363570915820026430e+00 4.222131790895745098e+02
1.332235278099648035e+00 4.370884992102633078e+02
1.300950163399780202e+00 4.524879032763421947e+02
1.269806397930250297e+00 4.684298556959441271e+02
1.238890083217616622e+00 4.849334714110914319e+02
1.208282158150475238e+00 5.020185388171623799e+02
1.178058027725476187e+00 5.197055434898455815e+02
1.148287259928852944e+00 5.380156927480420563e+02
1.119033350742708821e+00 5.569709410821623123e+02
1.090353555923915918e+00 5.765940164783016826e+02
1.062298787016524582e+00 5.969084476698700428e+02
1.034913568067366230e+00 6.179385923493400696e+02
1.008236048748703650e+00 6.397096663739474707e+02
9.822980690677974858e-01 6.622477740003620283e+02
9.571252705631111413e-01 6.855799391845733908e+02
9.327372488382327242e-01 7.097341379845330493e+02
9.091477424418789033e-01 7.347393321044003187e+02
8.863648534285764047e-01 7.606255036206032401e+02
8.643912953841983438e-01 7.874236909313697197e+02
8.432246652231041306e-01 8.151660259728190567e+02
8.228577356071997695e-01 8.438857727462433331e+02
8.032787653527441174e-01 8.736173672027773591e+02
7.844718256350579066e-01 9.043964585332676052e+02
7.664171401405261985e-01 9.362599519128644943e+02
7.490914375268469261e-01 9.692460527515828517e+02
7.324683146260722033e-01 1.003394312503879746e+03
7.165186087629538125e-01 1.038745676092194117e+03
7.012107773774001185e-01 1.075342531001298084e+03
6.865112828581265703e-01 1.113228758102328129e+03
6.723849801460108910e-01 1.152449784267444102e+03
6.587955042857976951e-01 1.193052636838183162e+03
6.457056547307405969e-01 1.235086000012841623e+03
6.330777728723849807e-01 1.278600273220486542e+03
6.208741090089878734e-01 1.323647631551572204e+03
6.090571748074165015e-01 1.370282088317650505e+03
5.975900772741616906e-01 1.418559559815162629e+03
5.864368303430665952e-01 1.468537932370976478e+03
5.755626404144602581e-01 1.520277131750061244e+03
5.649341625392888533e-01 1.573839195008505840e+03
5.545197244225770206e-01 1.629288344878058069e+03
5.442895160076718364e-01 1.686691066771366195e+03
5.342157430762146664e-01 1.746116188500233875e+03
5.242727440354039148e-01 1.807634962802509790e+03
5.144370698383442519e-01 1.871321152776537247e+03
5.046875277684567118e-01 1.937251120325609918e+03
4.950051905881077130e-01 2.005503917718494677e+03
4.853733732785606714e-01 2.076161382375771609e+03
4.757775802582100422e-01 2.149308234995685780e+03
4.662054265363344552e-01 2.225032181137145017e+03
4.566465367207484527e-01 2.303424016381652109e+03
4.470924261340037398e-01 2.384577735200292864e+03
4.375363684929204910e-01 2.468590643656298198e+03
4.279732546639118396e-01 2.555563476078312760e+03
4.183994469210621236e-01 2.645600515844284018e+03
4.088126329101962053e-01 2.738809720420757003e+03
3.992116831709296432e-01 2.835302850807547657e+03
3.895965156061285128e-01 2.935195605542984140e+03
3.799679697352915109e-01 3.038607759430363785e+03
3.703276929500025627e-01 3.145663307152018660e+03
3.606780403333332274e-01 3.256490611943145723e+03
3.510219889395815307e-01 3.371222559503677530e+03
3.413630667843197686e-01 3.489996717332763183e+03
3.317052961936105548e-01 3.612955499676845193e+03
3.220531506281013590e-01 3.740246338289186497e+03
3.124115236504115267e-01 3.872021859205557121e+03
3.027857083549442829e-01 4.008440065748010511e+03
2.931813853340152765e-01 4.149664527976239697e+03
2.836046171129062987e-01 4.295864578813633671e+03
2.740618469434554227e-01 4.447215517083189297e+03
2.645598998906396604e-01 4.603898817696768674e+03
2.551059842654694321e-01 4.766102349249655163e+03
2.457076916343359785e-01 4.934020599281381692e+03
2.363729938530882979e-01 5.107854907472913510e+03
2.271102358174476588e-01 5.287813707059723129e+03
2.179281228754691713e-01 5.474112774750340577e+03
2.088357021006991554e-01 5.666975489449940142e+03
1.998423368673333533e-01 5.866633100099223157e+03
1.909576743949846500e-01 6.073325002949773989e+03
1.821916061372940432e-01 6.287299028608254957e+03
1.735542210746059966e-01 6.508811739193725771e+03
1.650557521371420200e-01 6.738128735964362022e+03
1.567065161335410850e-01 6.975524977782331007e+03
1.485168476928497294e-01 7.221285110798829919e+03
1.404970278486605550e-01 7.475703809754474605e+03
1.326572080042545676e-01 7.739086131304306946e+03
1.250073301188375507e-01 8.011747879791108971e+03
1.175570440479158513e-01 8.294015985905482012e+03
1.103156230553286460e-01 8.586228898686858884e+03
1.032918785894645641e-01 8.888736991335430503e+03
9.649407548009379665e-02 9.201902981321429252e+03
8.992984876294614349e-02 9.526102365295742857e+03
8.360612337437185737e-02 9.861723869323124745e+03
7.752903797574289824e-02 1.020916991497792515e+04
7.170387416452730922e-02 1.056885710186126744e+04
6.613499230433164677e-02 1.094121670711804109e+04
6.082577515821668140e-02 1.132669520255286807e+04
5.577858043739259558e-02 1.172575478996498532e+04
5.099470328066198210e-02 1.213887395534381903e+04
4.647434955899516079e-02 1.256654804258997319e+04
4.221662075530194930e-02 1.300928984744936861e+04
3.821951100326404643e-02 1.346763023237272500e+04
3.447991668307365254e-02 1.394211876303772624e+04
3.099365876869757466e-02 1.443332436729682013e+04
2.775551790399588895e-02 1.494183601734108015e+04
2.475928195740019142e-02 1.546826343589788485e+04
2.199780557114178886e-02 1.601323782730907988e+04
1.946308098601992956e-02 1.657741263436646477e+04
1.714631919173837185e-02 1.716146432181186174e+04
1.503804023167648780e-02 1.776609318744128541e+04
1.312817128574331887e-02 1.839202420178584362e+04
1.140615097203513499e-02 1.904000787737588689e+04
9.861038153741280912e-03 1.971082116863107876e+04
8.481623418258485772e-03 2.040526840345514938e+04
7.256541316383330158e-03 2.112418224765226842e+04
6.174381415527938934e-03 2.186842470332164157e+04
5.223796235749961388e-03 2.263888814242730587e+04
4.393604203127341942e-03 2.343649637678233921e+04
3.672885872021265392e-03 2.426220576573070866e+04
3.051071834485856536e-03 2.511700636285441215e+04
2.518020947855146522e-03 2.600192310308141168e+04
2.064087764654167281e-03 2.691801703161747719e+04
1.680178334755209934e-03 2.786638657617523859e+04
1.357793858723992889e-03 2.884816886402638920e+04
1.089061992796645567e-03 2.986454108545588315e+04
8.667559282174554583e-04 3.091672190525297992e+04
6.843016787286793860e-04 3.200597292393181851e+04
5.357742980827466745e-04 3.313360019043307693e+04
4.158840036874545754e-04 3.430095576812106447e+04
3.199533935464993618e-04 3.550943935595369112e+04
2.438871042151085798e-04 3.676049996676880983e+04
1.841353627247047759e-04 3.805563766469994152e+04
1.376529332731825199e-04 3.939640536380403501e+04
1.018549507328419992e-04 4.078441069005808822e+04
7.457107129953381046e-05 4.222131790895740414e+04
5.399926203388430543e-05 4.370884992102632532e+04
3.866040387350854927e-05 4.524879032763417490e+04
2.735470670284075725e-05 4.684298556959440612e+04
1.912074090180274560e-05 4.849334714110914501e+04
1.319768826391355993e-05 5.020185388171618251e+04
8.991216556692795779e-06 5.197055434898455132e+04
6.043195421033258983e-06 5.380156927480419836e+04
4.005304253772100682e-06 5.569709410821628262e+04
2.616440683767095839e-06 5.765940164783017826e+04
1.683724581359921226e-06 5.969084476698694198e+04
1.066808446786611794e-06 6.179385923493400333e+04
6.651497670999444868e-07 6.397096663739475480e+04
4.078721415228151482e-07 6.622477740003613872e+04
2.458360537266733363e-07 6.855799391845734499e+04
1.455527447645665913e-07 7.097341379845331539e+04
8.460101706733423542e-08 7.347393321043995093e+04
4.824236423834486695e-08 7.606255036206031218e+04
2.697036950444845785e-08 7.874236909313689102e+04
1.477228634922710161e-08 8.151660259728190431e+04
7.921320255334265029e-09 8.438857727462433104e+04
4.155391443147406373e-09 8.736173672027763678e+04
2.130859783853152953e-09 9.043964585332677234e+04
1.067280511038815245e-09 9.362599519128644897e+04
5.217026204997674873e-10 9.692460527515837748e+04
2.486654591200861280e-10 1.003394312503879628e+05
1.154702371411353438e-10 1.038745676092193025e+05
5.219000607110984131e-11 1.075342531001298048e+05
2.293790800669436422e-11 1.113228758102328138e+05
9.793576954844053086e-12 1.152449784267442883e+05
4.057950734612855432e-12 1.193052636838182952e+05
1.630013888181036278e-12 1.235086000012841687e+05
6.340448625339485064e-13 1.278600273220485396e+05
2.385619249391287620e-13 1.323647631551572122e+05
8.672128803053543329e-14 1.370282088317649032e+05
3.042053233666186890e-14 1.418559559815162793e+05
1.028439833170896612e-14 1.468537932370976778e+05
3.346549305780170857e-15 1.520277131750059780e+05
1.046736091453272927e-15 1.573839195008505776e+05
3.142632355641051760e-16 1.629288344878058124e+05
9.043568166351102317e-17 1.686691066771367914e+05
2.490733681479854173e-17 1.746116188500233984e+05
6.555178694838314525e-18 1.807634962802508089e+05
1.645949133396888866e-18 1.871321152776537056e+05
3.936436908724719199e-19 1.937251120325610100e+05
8.951590698101073303e-20 2.005503917718492448e+05
1.932128251188935776e-20 2.076161382375771645e+05
3.951046168605299460e-21 2.149308234995685634e+05
7.640154746219657199e-22 2.225032181137143052e+05
1.394281482938451161e-22 2.303424016381652327e+05
2.396465770036712675e-23 2.384577735200290626e+05
3.871216588753079091e-24 2.468590643656298344e+05
5.864484948931536551e-25 2.555563476078312960e+05
8.312577330218579349e-26 2.645600515844281181e+05
1.099885721631603639e-26 2.738809720420757076e+05
1.355227657021116772e-27 2.835302850807547802e+05
1.551098757606661889e-28 2.935195605542987469e+05
1.644751943285998261e-29 3.038607759430363658e+05
1.611486327897526776e-30 3.145663307152015041e+05
1.454817200811451450e-31 3.256490611943145632e+05
1.206683908397660983e-32 3.371222559503677767e+05
9.168229879596444118e-34 3.489996717332759290e+05
6.361246972462226919e-35 3.612955499676844920e+05
4.017671628968817574e-36 3.740246338289186242e+05
2.302203525793001875e-37 3.872021859205553192e+05
1.192782034874185230e-38 4.008440065748009947e+05
5.567818952945650239e-40 4.149664527976235840e+05
2.333028242587911929e-41 4.295864578813633998e+05
8.742059857052248910e-43 4.447215517083189334e+05
2.917804933092155541e-44 4.603898817696764017e+05
8.639268842531523812e-46 4.766102349249654799e+05
2.259660330343813110e-47 4.934020599281381583e+05
5.198252604714700802e-49 5.107854907472917694e+05
1.047021027880575850e-50 5.287813707059723092e+05
1.837823453907256598e-52 5.474112774750335375e+05
2.797676217267924858e-54 5.666975489449939923e+05
3.674998247136356196e-56 5.866633100099222502e+05
4.144067443420162562e-58 6.073325002949768677e+05
3.989982325558199530e-60 6.287299028608255321e+05
3.261908756129804983e-62 6.508811739193726098e+05
2.251263563741531486e-64 6.738128735964354128e+05
1.303897362001931143e-66 6.975524977782331407e+05
6.298549444990704204e-69 7.221285110798821552e+05
2.521394408514633030e-71 7.475703809754474787e+05
8.309393584780336477e-74 7.739086131304306909e+05
2.238979359495756179e-76 8.011747879791101441e+05
4.897812141010661620e-79 8.294015985905480338e+05
8.634475131234779379e-82 8.586228898686859757e+05
1.217445950677386450e-84 8.888736991335438797e+05
1.362150749002531808e-87 9.201902981321428670e+05
1.199564974935340605e-90 9.526102365295733325e+05
8.244839557283676150e-94 9.861723869323123945e+05
4.384379267989553641e-97 1.020916991497792536e+06
1.787621342022366767e-100 1.056885710186125478e+06
5.536307077566110339e-104 1.094121670711803949e+06
1.289836190684305050e-107 1.132669520255286945e+06
2.238014935294967397e-111 1.172575478996497346e+06
2.862175528190811399e-115 1.213887395534381969e+06
2.669109373365032870e-119 1.256654804258996155e+06
1.794902229431146782e-123 1.300928984744936926e+06
8.604324559493616192e-128 1.346763023237272631e+06
2.905462770107104796e-132 1.394211876303771278e+06
6.826135550625298969e-137 1.443332436729682144e+06
1.101653926989833564e-141 1.494183601734108059e+06
1.205258561454217744e-146 1.546826343589789933e+06
8.817219601546144034e-152 1.601323782730907900e+06
4.252472825255730958e-157 1.657741263436644571e+06
1.332401159278072558e-162 1.716146432181186043e+06
2.671237675549111734e-168 1.776609318744128803e+06
3.373200323135713261e-174 1.839202420178582659e+06
2.639678902225952444e-180 1.904000787737588864e+06
1.258686417094738679e-186 1.971082116863107774e+06
3.593863789451246877e-193 2.040526840345513308e+06
6.034432010072650329e-200 2.112418224765226711e+06
5.848150451058793436e-207 2.186842470332161989e+06
3.208473541908172119e-214 2.263888814242730383e+06
9.767205493520282253e-222 2.343649637678233907e+06
1.615926311909524126e-229 2.426220576573068276e+06
1.422073500724617862e-237 2.511700636285441462e+06
6.510479582076917897e-246 2.600192310308141168e+06
1.515288231840065081e-254 2.691801703161750920e+06
1.750723051548908648e-263 2.786638657617523801e+06
9.796331680587576332e-273 2.884816886402636301e+06
2.587853554547337772e-282 2.986454108545588329e+06
3.143124619765506675e-292 3.091672190525298007e+06
1.707812071488167145e-302 3.200597292393178679e+06
4.035219291703903436e-313 3.313360019043307751e+06
0.000000000000000000e+00 3.430095576812106650e+06
0.000000000000000000e+00 3.550943935595365241e+06
0.000000000000000000e+00 3.676049996676880866e+06
0.000000000000000000e+00 3.805563766469989903e+06
0.000000000000000000e+00 3.939640536380403209e+06
