7.853570456818727361e-05 2.533216864790105216e+00
8.676776343088360541e-05 2.622466593754359199e+00
9.584775158863631744e-05 2.714860749171360332e+00
1.058608371992844188e-04 2.810510114769321000e+00
1.169004322751411606e-04 2.909529377383948123e+00
1.290689470153700722e-04 3.012037264471841613e+00
1.424786071546600176e-04 3.118156686468746219e+00
1.572523387733643465e-04 3.228014884163347809e+00
1.735247252373956243e-04 3.341743581263280749e+00
1.914430411081106118e-04 3.459479142336333357e+00
2.111683680660690187e-04 3.581362736316191953e+00
2.328767980594738363e-04 3.707540505768777361e+00
2.567607290572476524e-04 3.838163742122161270e+00
2.830302588878334585e-04 3.973389067070095315e+00
3.119146828016395516e-04 4.113378620366752614e+00
3.436641004198369236e-04 4.258300254237805227e+00
3.785511377896228391e-04 4.408327734640919537e+00
4.168727902713897124e-04 4.563640949617050246e+00
4.589523918588318341e-04 4.724426124982302078e+00
5.051417164702635097e-04 4.890876047619002520e+00
5.558232165093265204e-04 5.063190296633733212e+00
6.114124036921488080e-04 5.241575482659423635e+00
6.723603768234477640e-04 5.426245495588529089e+00
7.391565006469915647e-04 5.617421761034284700e+00
8.123312393578081088e-04 5.815333505827500638e+00
8.924591476039383641e-04 6.020218032867332703e+00
9.801620209604117086e-04 6.232321005655507840e+00
1.076112206823143843e-03 6.451896742855192990e+00
1.181036075495900438e-03 6.679208523227731398e+00
1.295717649874091222e-03 6.914528901312771758e+00
1.421002390567602334e-03 7.158140034230433102e+00
1.557801131554119312e-03 7.410334019997291577e+00
1.707094159483404927e-03 7.671413247761766918e+00
1.869935427541205650e-03 7.941690760379010783e+00
2.047456892405913071e-03 8.221490629759903968e+00
2.240872960130224981e-03 8.511148345444263796e+00
2.451485023955469762e-03 8.811011216864235607e+00
2.680686073943116653e-03 9.121438789780022205e+00
2.929965355025447062e-03 9.442803277387492145e+00
3.200913046559999888e-03 9.775490006614454330e+00
3.495224932841410354e-03 1.011989788014067138e+01
3.814707030197931475e-03 1.047643985469574446e+01
4.161280132465673687e-03 1.084554343620824923e+01
4.536984232664431974e-03 1.122765119239982035e+01
4.943982774843348749e-03 1.162322128343894612e+01
5.384566686278871757e-03 1.203272801129046066e+01
5.861158136588733372e-03 1.245666238841975826e+01
6.376313967041374701e-03 1.289553272653342475e+01
6.932728730420853122e-03 1.334986524606216030e+01
7.533237279412428877e-03 1.382020470711697868e+01
8.180816839751131955e-03 1.430711506267506650e+01
8.878588503390136624e-03 1.481118013477851747e+01
9.629818076919323400e-03 1.533300431455684532e+01
1.043791622149425717e-02 1.587321328691236388e+01
1.130643782273637286e-02 1.643245478073766819e+01
1.223908053259198034e-02 1.701139934556461597e+01
1.323968243010619980e-02 1.761074115557586595e+01
1.431221875451393379e-02 1.823119884194335683e+01
1.546079767206131293e-02 1.887351635449144993e+01
1.668965504756958138e-02 1.953846385371800665e+01
1.800314820285648862e-02 2.022683863424303752e+01
1.940574865671557125e-02 2.093946608079190241e+01
2.090203385504529887e-02 2.167720065785964678e+01
2.249667791466081548e-02 2.244092693424301999e+01
2.419444142015412733e-02 2.323156064366834883e+01
2.600016032942822214e-02 2.405004978278744687e+01
2.791873405984894585e-02 2.489737574785772622e+01
2.995511284293464471e-02 2.577455451146963483e+01
3.211428445047936897e-02 2.668263784073234390e+01
3.440126040857854200e-02 2.762271455837808176e+01
3.682106182752787477e-02 2.859591184829760024e+01
3.937870498446674472e-02 2.960339660707196785e+01
4.207918680141239931e-02 3.064637684312112142e+01
4.492747036348659212e-02 3.172610312514694542e+01
4.792847062031282274e-02 3.284387008160761923e+01
5.108704040745160740e-02 3.400101795302109764e+01
5.440795691425027308e-02 3.519893419895896614e+01
5.789590870967079028e-02 3.643905516165750669e+01
6.155548341870725748e-02 3.772286778824084053e+01
6.539115611941004325e-02 3.905191141362100637e+01
6.940727850490478745e-02 4.042777960621275923e+01
7.360806882697773501e-02 4.185212207867613898e+01
7.799760260881624663e-02 4.332664666597796810e+01
8.257980408551551799e-02 4.485312137314397063e+01
8.735843830321565751e-02 4.643337649515681420e+01
9.233710378259854523e-02 4.806930681154180718e+01
9.751922563118951837e-02 4.976287385827196630e+01
1.029080489726813957e-01 5.151610827971619955e+01
1.085066325514314201e-01 5.333111226345083367e+01
1.143178423670873495e-01 5.521006206085381507e+01
1.203443451985202611e-01 5.715521059650397717e+01
1.265886018879992525e-01 5.916889016951415670e+01
1.330528602754709744e-01 6.125351525003697617e+01
1.397391476982261793e-01 6.341158537429637221e+01
1.466492630019040344e-01 6.564568814161646060e+01
1.537847680430343145e-01 6.795850231704102384e+01
1.611469786992514308e-01 7.035280104326361084e+01
1.687369554384456904e-01 7.283145516571971712e+01
1.765554935301301143e-01 7.539743667482797207e+01
1.846031130084938576e-01 7.805382226950753477e+01
1.928800485145476251e-01 8.080379704624452586e+01
2.013862391522712181e-01 8.365065831813072350e+01
2.101213184888149343e-01 8.659781956845385764e+01
2.190846048104617139e-01 8.964881454358011581e+01
2.282750917136150692e-01 9.280730149003591123e+01
2.376914390637982766e-01 9.607706754086936485e+01
2.473319642968522802e-01 9.946203325655167760e+01
2.571946339670933557e-01 1.029662573258621450e+02
2.672770553703712193e-01 1.065939414323937342e+02
2.775764679893962250e-01 1.103494352925141158e+02
2.880897344290291873e-01 1.142372418708234818e+02
2.988133304354147479e-01 1.182620227793618852e+02
3.097433335301750801e-01 1.224286038670402945e+02
3.208754097447318321e-01 1.267419810059970331e+02
3.322047979151345753e-01 1.312073260818182234e+02
3.437262909989811654e-01 1.358299931948041603e+02
3.554342139067157014e-01 1.406155250797172869e+02
3.673223974020873306e-01 1.455696597517090538e+02
3.793841477218715119e-01 1.506983373863950817e+02
3.916122116925248031e-01 1.560077074423273586e+02
4.039987372789924924e-01 1.615041360344036718e+02
4.165352296844249680e-01 1.671942135670553853e+02
4.292125033235237863e-01 1.730847626363658662e+02
4.420206302095068263e-01 1.791828462105953292e+02
4.549488855169262491e-01 1.854957760989190660e+02
4.679856913006387176e-01 1.920311217185346777e+02
4.811185595554627326e-01 1.987967191706504479e+02
4.943340359818140795e-01 2.058006806362366774e+02
5.076176459709383915e-01 2.130514041028061172e+02
5.209538444312212802e-01 2.205575834338854690e+02
5.343259711381919130e-01 2.283282187932532281e+02
5.477162133007987821e-01 2.363726274364417463e+02
5.611055769933422921e-01 2.447004548824424432e+02
5.744738690066244491e-01 2.533216864790105376e+02
5.877996905262683480e-01 2.622466593754356268e+02
6.010604438562215934e-01 2.714860749171357952e+02
6.142323531784955604e-01 2.810510114769321035e+02
6.272905000850818036e-01 2.909529377383948372e+02
6.402088743446601171e-01 3.012037264471841809e+02
6.529604400852896395e-01 3.118156686468745988e+02
6.655172172946828280e-01 3.228014884163347915e+02
6.778503782707226977e-01 3.341743581263281158e+02
6.899303584042074666e-01 3.459479142336330142e+02
7.017269804489338902e-01 3.581362736316187920e+02
7.132095912350512323e-01 3.707540505768777166e+02
7.243472096117632431e-01 3.838163742122161466e+02
7.351086842650058628e-01 3.973389067070095848e+02
7.454628599431121216e-01 4.113378620366752330e+02
7.553787505361186927e-01 4.258300254237805120e+02
7.648257173890434801e-01 4.408327734640919857e+02
7.737736511826944774e-01 4.563640949617045521e+02
7.821931556840624467e-01 4.724426124982297779e+02
7.900557316492644588e-01 4.890876047619002520e+02
7.973339591531375392e-01 5.063190296633732714e+02
8.040016766194137965e-01 5.241575482659424097e+02
8.100341548332377073e-01 5.426245495588528911e+02
8.154082642334958830e-01 5.617421761034285055e+02
8.201026338065861010e-01 5.815333505827501313e+02
8.240977999368784834e-01 6.020218032867327338e+02
8.273763436137054894e-01 6.232321005655502404e+02
8.299230144521771990e-01 6.451896742855194589e+02
8.317248400576635614e-01 6.679208523227731575e+02
8.327712193539994479e-01 6.914528901312771723e+02
8.330539986061694657e-01 7.158140034230433457e+02
8.325675290023544228e-01 7.410334019997292216e+02
8.313087048206972973e-01 7.671413247761768162e+02
8.292769813955732650e-01 7.941690760379002541e+02
8.264743723185679070e-01 8.221490629759894091e+02
8.229054255618443170e-01 8.511148345444264578e+02
8.185771784958647546e-01 8.811011216864235394e+02
8.134990920876753462e-01 9.121438789780021352e+02
8.076829649063491656e-01 9.442803277387491789e+02
8.011428279228529625e-01 9.775490006614453478e+02
7.938948214646329715e-01 1.011989788014067244e+03
7.859570560605609879e-01 1.047643985469573408e+03
7.773494592779740531e-01 1.084554343620823829e+03
7.680936109972570369e-01 1.122765119239982141e+03
7.582125698770567634e-01 1.162322128343894519e+03
7.477306940207602004e-01 1.203272801129046002e+03
7.366734590489216750e-01 1.245666238841975655e+03
7.250672769006705209e-01 1.289553272653342447e+03
7.129393187195340875e-01 1.334986524606215880e+03
7.003173451178541509e-01 1.382020470711696589e+03
6.872295469545869340e-01 1.430711506267505001e+03
6.737043995027396370e-01 1.481118013477851719e+03
6.597705325279747957e-01 1.533300431455684247e+03
6.454566183559163894e-01 1.587321328691236204e+03
6.307912794833041570e-01 1.643245478073766890e+03
6.158030167019122869e-01 1.701139934556461640e+03
6.005201580719293775e-01 1.761074115557586765e+03
5.849708284236924127e-01 1.823119884194333736e+03
5.691829384056503738e-01 1.887351635449143032e+03
5.531841914553821127e-01 1.953846385371800579e+03
5.370021064725819526e-01 2.022683863424304036e+03
5.206640534403036424e-01 2.093946608079190355e+03
5.041972987932962225e-01 2.167720065785964380e+03
4.876290569869855540e-01 2.244092693424302070e+03
4.709865444906823906e-01 2.323156064366835380e+03
4.542970323225881124e-01 2.405004978278742328e+03
4.375878932662262133e-01 2.489737574785769993e+03
4.208866400570258626e-01 2.577455451146963696e+03
4.042209510984237641e-01 2.668263784073234547e+03
3.876186806491109249e-01 2.762271455837808389e+03
3.711078509033312600e-01 2.859591184829758731e+03
3.547166239479015992e-01 2.960339660707196799e+03
3.384732522042261937e-01 3.064637684312112015e+03
3.224060066310798223e-01 3.172610312514691486e+03
3.065430826540361808e-01 3.284387008160760615e+03
2.909124844799886866e-01 3.400101795302110077e+03
2.755418891310061347e-01 3.519893419895896841e+03
2.604584921728199109e-01 3.643905516165751123e+03
2.456888377030390092e-01 3.772286778824081921e+03
2.312586356879878235e-01 3.905191141362100097e+03
2.171925701818606391e-01 4.042777960621276179e+03
2.035141023164931118e-01 4.185212207867610232e+03
1.902452722052857259e-01 4.332664666597794167e+03
1.774065040534828497e-01 4.485312137314396750e+03
1.650164188042510527e-01 4.643337649515680823e+03
1.530916585735627722e-01 4.806930681154181002e+03
1.416467269373622995e-01 4.976287385827194157e+03
1.306938488357222428e-01 5.151610827971619983e+03
1.202428534579625258e-01 5.333111226345084106e+03
1.103010829807664628e-01 5.521006206085375197e+03
1.008733294624010318e-01 5.715521059650394818e+03
9.196180156742704559e-02 5.916889016951416124e+03
8.356612212739845946e-02 6.125351525003697134e+03
7.568335685526511591e-02 6.341158537429638272e+03
6.830807384626859380e-02 6.564568814161642877e+03
6.143243283737343657e-02 6.795850231704102043e+03
5.504630258038023527e-02 7.035280104326360743e+03
4.913740412786028050e-02 7.283145516571964436e+03
4.369147734964874685e-02 7.539743667482793171e+03
3.869246760055367051e-02 7.805382226950752738e+03
3.412272915282441033e-02 8.080379704624453552e+03
2.996324179141795357e-02 8.365065831813071782e+03
2.619383684422663117e-02 8.659781956845379682e+03
2.279342887832237416e-02 8.964881454358011979e+03
1.974024932992894665e-02 9.280730149003589759e+03
1.701207844201941752e-02 9.607706754086926594e+03
1.458647205053027578e-02 9.946203325655164008e+03
1.244097997984082091e-02 1.029662573258621705e+04
1.055335307286708532e-02 1.065939414323937308e+04
8.901736184406922395e-03 1.103494352925141175e+04
7.464844802854032381e-03 1.142372418708234181e+04
6.222123330542451460e-03 1.182620227793618869e+04
5.153883442694690530e-03 1.224286038670402922e+04
4.241421355058310437e-03 1.267419810059969313e+04
3.467113256055558666e-03 1.312073260818181552e+04
2.814488594769226897e-03 1.358299931948041558e+04
2.268281354058388107e-03 1.406155250797172630e+04
1.814459869693523832e-03 1.455696597517090595e+04
1.440236171319208940e-03 1.506983373863949964e+04
1.134056207891447152e-03 1.560077074423273552e+04
8.855726670633668352e-04 1.615041360344036912e+04
6.856023930955578403e-04 1.671942135670551943e+04
5.260706406105943121e-04 1.730847626363657764e+04
3.999445632021474671e-04 1.791828462105953440e+04
3.011584205977952994e-04 1.854957760989190501e+04
2.245329931873068358e-04 1.920311217185346686e+04
1.656916194664749520e-04 1.987967191706503218e+04
1.209751254021569064e-04 2.058006806362366842e+04
8.735770367955273470e-05 2.130514041028061183e+04
6.236553721981017166e-05 2.205575834338852655e+04
4.399965965005349675e-05 2.283282187932531451e+04
3.066422142058673679e-05 2.363726274364417259e+04
2.110100022675672382e-05 2.447004548824424637e+04
1.433067382617486698e-05 2.533216864790105319e+04
9.601076052259852154e-06 2.622466593754356290e+04
6.342394080075777428e-06 2.714860749171355201e+04
4.129044950962574578e-06 2.810510114769320717e+04
2.647796754001376598e-06 2.909529377383945757e+04
1.671576046157093212e-06 3.012037264471841627e+04
1.038326314297682772e-06 3.118156686468746193e+04
6.342481961277052771e-07 3.228014884163345050e+04
3.807545200697391372e-07 3.341743581263280794e+04
2.245045618593210196e-07 3.459479142336329824e+04
1.299343835263451786e-07 3.581362736316191877e+04
7.376608678021866531e-08 3.707540505768777803e+04
4.105140986627755845e-08 3.838163742122157419e+04
2.237858856344658032e-08 3.973389067070095916e+04
1.194137906958009972e-08 4.113378620366752148e+04
6.232556966388248389e-09 4.258300254237800982e+04
3.179283918587722998e-09 4.408327734640919516e+04
1.583773439658313219e-09 4.563640949617045408e+04
7.698295072720597799e-10 4.724426124982292822e+04
3.648027537778389296e-10 4.890876047619002202e+04
1.683816638797849841e-10 5.063190296633727121e+04
7.563137650506795910e-11 5.241575482659423142e+04
3.302652952838070691e-11 5.426245495588528865e+04
1.400703233750629602e-11 5.617421761034278461e+04
5.763747020767457616e-12 5.815333505827501358e+04
2.298671312667929265e-12 6.020218032867327565e+04
8.875305993430870230e-13 6.232321005655507906e+04
3.313818614628320486e-13 6.451896742855193588e+04
1.195088469620741925e-13 6.679208523227724072e+04
4.157825103439238277e-14 6.914528901312772359e+04
1.393726049046300091e-14 7.158140034230433230e+04
4.495360119215126511e-15 7.410334019997283758e+04
1.393279379812489878e-15 7.671413247761767707e+04
4.143702819906927773e-16 7.941690760379002313e+04
1.180821334543641435e-16 8.221490629759886360e+04
3.219372736681398757e-17 8.511148345444264123e+04
8.384420724452174253e-18 8.811011216864225571e+04
2.082519134443768205e-18 9.121438789780021762e+04
4.924858969642407406e-19 9.442803277387493290e+04
1.106971978004328417e-19 9.775490006614444428e+04
2.360696764087061256e-20 1.011989788014067162e+05
4.767600574273955638e-21 1.047643985469573527e+05
9.100863195210638428e-22 1.084554343620824948e+05
1.638800194288545258e-22 1.122765119239982159e+05
2.778032849801079894e-23 1.162322128343893273e+05
4.423769547902285274e-24 1.203272801129045984e+05
6.602898133998702090e-25 1.245666238841975719e+05
9.216652492937552952e-26 1.289553272653340973e+05
1.200281119188766468e-26 1.334986524606215826e+05
1.454796973034484830e-27 1.382020470711696544e+05
1.636939257957669310e-28 1.430711506267503719e+05
1.705437836787974787e-29 1.481118013477851637e+05
1.640720825850883857e-30 1.533300431455682847e+05
1.453482392850731699e-31 1.587321328691236267e+05
1.182221939206124961e-32 1.643245478073766863e+05
8.802292753304733822e-34 1.701139934556459775e+05
5.980638099766868214e-35 1.761074115557586774e+05
3.696186433878880428e-36 1.823119884194333572e+05
2.070929052203141346e-37 1.887351635449145106e+05
1.048288645708901666e-38 1.953846385371800570e+05
4.776912461185334655e-40 2.022683863424301671e+05
1.952342996205909369e-41 2.093946608079189900e+05
7.129226653849703010e-43 2.167720065785964543e+05
2.316768101539511744e-44 2.244092693424299650e+05
6.672555475428279342e-46 2.323156064366835344e+05
1.695993121829914423e-47 2.405004978278742346e+05
3.787616015905233437e-49 2.489737574785767647e+05
7.398404827449586654e-51 2.577455451146963460e+05
1.258030313133959605e-52 2.668263784073232091e+05
1.853119220523972448e-54 2.762271455837808317e+05
2.352764615122210766e-56 2.859591184829758713e+05
2.561195357353689396e-58 2.960339660707193543e+05
2.377618505107519169e-60 3.064637684312111815e+05
1.871716554520888283e-62 3.172610312514691614e+05
1.242263667980246441e-64 3.284387008160763653e+05
6.909581622820370400e-67 3.400101795302109676e+05
3.200740377787603369e-69 3.519893419895893312e+05
1.226905429404399363e-71 3.643905516165751033e+05
3.865772372987829120e-74 3.772286778824081994e+05
9.943208459907515763e-77 3.905191141362097114e+05
2.072892298313416206e-79 4.042777960621276288e+05
3.476740755226609152e-82 4.185212207867609686e+05
4.655704977032691332e-85 4.332664666597789619e+05
4.938227801780704461e-88 4.485312137314397260e+05
4.114934142880159177e-91 4.643337649515676312e+05
2.670967990228156833e-94 4.806930681154181366e+05
1.338647865011504999e-97 4.976287385827194084e+05
5.133328689692870215e-101 5.151610827971614781e+05
1.492006219844587110e-104 5.333111226345084142e+05
3.254921306939038175e-108 5.521006206085375743e+05
5.276169182728105413e-112 5.715521059650400421e+05
6.288697259984325705e-116 5.916889016951415688e+05
5.452073472913357068e-120 6.125351525003691204e+05
3.399783589817989184e-124 6.341158537429637508e+05
1.507257100551317135e-128 6.564568814161643386e+05
4.694076727380246247e-133 6.795850231704094913e+05
1.014229408927258023e-137 7.035280104326360160e+05
1.500898744890576177e-142 7.283145516571964836e+05
1.501082954890281494e-147 7.539743667482784949e+05
1.000693296908528063e-152 7.805382226950753247e+05
4.383630723065338940e-158 8.080379704624444712e+05
1.243307701232429691e-163 8.365065831813073019e+05
2.248452039540026224e-169 8.659781956845381064e+05
2.551897870895361421e-175 8.964881454358003102e+05
1.788089802247254149e-181 9.280730149003589759e+05
7.604704016051943189e-188 9.607706754086927976e+05
1.928869489733814821e-194 9.946203325655173976e+05
2.865116906166397399e-201 1.029662573258621502e+06
2.445758831285273379e-208 1.065939414323936217e+06
1.176633061435977343e-215 1.103494352925141109e+06
3.126441738763648362e-223 1.142372418708234327e+06
4.493224502481297598e-231 1.182620227793617640e+06
3.417912719763559516e-239 1.224286038670402952e+06
1.345625399551730182e-247 1.267419810059969081e+06
2.678983614373415032e-256 1.312073260818180395e+06
2.633091024051032721e-265 1.358299931948041543e+06
1.246267640849467759e-274 1.406155250797171379e+06
2.768379207472597280e-284 1.455696597517090384e+06
2.810178555085555179e-294 1.506983373863950139e+06
1.268100847530388361e-304 1.560077074423271930e+06
2.472186874521948740e-315 1.615041360344037181e+06
0.000000000000000000e+00 1.671942135670552030e+06
0.000000000000000000e+00 1.730847626363659743e+06
0.000000000000000000e+00 1.791828462105953367e+06
0.000000000000000000e+00 1.854957760989188682e+06
0.000000000000000000e+00 1.920311217185346875e+06
0.000000000000000000e+00 1.987967191706503043e+06
0.000000000000000000e+00 2.058006806362364907e+06
0.000000000000000000e+00 2.130514041028061416e+06
0.000000000000000000e+00 2.205575834338852204e+06
0.000000000000000000e+00 2.283282187932529021e+06
0.000000000000000000e+00 2.363726274364417419e+06
0.000000000000000000e+00 2.447004548824422061e+06
0.000000000000000000e+00 2.533216864790105261e+06
