-3.062842179052073020e-12 4.989787897061201960e+00
-2.561473055704841465e-12 5.165586986192375107e+00
-1.767044796089426162e-12 5.347579789440644937e+00
-5.119655241363542027e-13 5.535984522353959214e+00
1.463487261342853580e-12 5.731027088601572395e+00
4.563693019479960476e-12 5.932941350840176931e+00
9.412097346324537995e-12 6.141969411123187506e+00
1.697668841450439910e-11 6.358361901189331533e+00
2.873960284961207579e-11 6.582378282978580408e+00
4.697576584725093541e-11 6.814287159735842536e+00
7.515867413224029093e-11 7.054366598075366923e+00
1.185776334648921929e-10 7.302904461392039082e+00
1.852434496537368313e-10 7.560198755019396089e+00
2.872564910362453182e-10 7.826557983548090291e+00
4.428129389692419261e-10 8.102301520733384166e+00
6.791694313954242116e-10 8.387759992435146472e+00
1.036971630216372054e-09 8.683275673049436705e+00
1.576576352941754756e-09 8.989202895907149937e+00
2.387204423793337410e-09 9.305908478131700079e+00
3.600145703422869751e-09 9.633772160465188250e+00
5.407679434908380803e-09 9.973187062590488594e+00
8.090058972248847082e-09 1.032456015449501940e+01
1.205373551113378818e-08 1.068831274444161039e+01
1.788521656597006148e-08 1.106488098413143817e+01
2.642644617294714854e-08 1.145471639166464861e+01
3.887966999530020007e-08 1.185828639292593856e+01
5.695233620932977410e-08 1.227607488204403552e+01
8.305601756911476176e-08 1.270858280159716891e+01
1.205775796997317117e-07 1.315632874326028201e+01
1.742462767898490972e-07 1.361984956961396698e+01
2.506271136813555505e-07 1.409970105786096006e+01
3.587790050781464435e-07 1.459645856622191928e+01
5.111261670766715338e-07 1.511071772380936373e+01
7.246028708680558269e-07 1.564309514480725838e+01
1.022145343015146827e-06 1.619422916781233823e+01
1.434620350675571790e-06 1.676478062122371782e+01
2.003297390286075644e-06 1.735543361559866682e+01
2.782990676359639950e-06 1.796689636392425271e+01
3.846017327868638180e-06 1.859990203078881521e+01
5.287138839918629808e-06 1.925520961147126187e+01
7.229673039237856729e-06 1.993360484200202620e+01
9.832981764647531325e-06 2.063590114128733077e+01
1.330155401191210115e-05 2.136294058642604554e+01
1.789591304770870870e-05 2.211559492238867008e+01
2.394557684329328757e-05 2.289476660726925417e+01
3.186429158425772075e-05 2.370138989436312471e+01
4.216773538638164990e-05 2.453643195236838181e+01
5.549385130904972187e-05 2.540089402505404337e+01
7.262591305728719729e-05 2.629581263178519279e+01
9.451835191842920412e-05 2.722226081034493816e+01
1.223252786746206841e-04 2.818134940354314111e+01
1.574315199106401247e-04 2.917422839115460320e+01
2.014858560221142764e-04 3.020208826878396380e+01
2.564360017027015877e-04 3.126616147531015599e+01
3.245647137429993868e-04 3.236772387062254808e+01
4.085262525116452586e-04 3.350809626542034891e+01
5.113822707490549074e-04 3.468864600490926620e+01
6.366360661344397159e-04 3.591078860829495056e+01
7.882640228827115679e-04 3.717598946603852283e+01
9.707429933154173565e-04 3.848576559690945942e+01
1.189072343173170222e-03 3.984168746694270880e+01
1.448789413282272360e-03 4.124538087248056684e+01
1.755977241896208288e-03 4.269852888955773551e+01
2.117263550100401733e-03 4.420287389196681005e+01
2.539810217104220870e-03 4.576021964042328705e+01
3.031292758474117815e-03 4.737243344533607825e+01
3.599869659434271410e-03 4.904144840577599496e+01
4.254141793804248374e-03 5.076926572732713083e+01
5.003102559416672430e-03 5.255795712160045952e+01
5.856079762374759821e-03 5.440966729028606608e+01
6.822670662491986913e-03 5.632661649672344595e+01
7.912671927785898049e-03 5.831110322807263913e+01
9.136006514711676393e-03 6.036550695127827026e+01
1.050264967401602981e-02 6.249229096613116496e+01
1.202255636500442100e-02 6.469400535884840053e+01
1.370559233495718780e-02 6.697329005971333515e+01
1.556147098366272852e-02 6.933287800844152571e+01
1.759969789132865420e-02 7.177559843106818960e+01
1.982952455430580380e-02 7.430438023228623479e+01
2.225991246695637957e-02 7.692225550730252337e+01
2.489950823427876728e-02 7.963236317742283177e+01
2.775662992693127620e-02 8.243795275372501408e+01
3.083926442737206994e-02 8.534238823333305390e+01
3.415507509128777597e-02 8.834915213296392267e+01
3.771141868646985668e-02 9.146184966458325505e+01
4.151537029109919619e-02 9.468421305817676625e+01
4.557375464611249788e-02 9.802010603682074930e+01
4.989318236581215260e-02 1.014735284494172305e+02
5.448008941206838179e-02 1.050486210666485363e+02
5.934077831829918936e-02 1.087496705459017932e+02
6.448145979151700957e-02 1.125811145711166290e+02
6.990829350183316859e-02 1.165475471737189679e+02
7.562742706490116484e-02 1.206537242410206545e+02
8.164503241070948658e-02 1.249045692186894456e+02
8.796733889176872045e-02 1.293051790141277024e+02
9.460066259961166790e-02 1.338608301078374438e+02
1.015514314215558711e-01 1.385769848800995021e+02
1.088262053767960619e-01 1.434592981605525210e+02
1.164316917257818967e-01 1.485136240085260795e+02
1.243747542581732923e-01 1.537460227322563924e+02
1.326624160454623891e-01 1.591627681554015226e+02
1.413018548099376215e-01 1.647703551395687782e+02
1.503003899283414657e-01 1.705755073718742381e+02
1.596654599718708434e-01 1.765851854268721013e+02
1.694045895977918104e-01 1.828065951125196591e+02
1.795253445632228051e-01 1.892471961101852287e+02
1.900352736363729589e-01 1.959147109190597291e+02
2.009418362400368641e-01 2.028171341156954099e+02
2.122523147785311814e-01 2.099627419397742187e+02
2.239737107724284193e-01 2.173601022175998878e+02
2.361126241534002024e-01 2.250180846352127162e+02
2.486751153506910894e-01 2.329458713734444757e+02
2.616665501266363103e-01 2.411529681176643294e+02
2.750914274857946817e-01 2.496492154554184992e+02
2.889531913843492172e-01 2.584448006756284144e+02
3.032540273965662059e-01 2.675502699834964915e+02
3.179946459453826813e-01 2.769765411457636901e+02
3.331740541662143174e-01 2.867349165814823095e+02
3.487893189372312519e-01 2.968370969140000284e+02
3.648353240657530305e-01 3.072951950004049309e+02
3.813045250582582368e-01 3.181217504552518562e+02
3.981867053097771780e-01 3.293297446859857587e+02
4.154687379160564298e-01 3.409326164580896830e+02
4.331343576278436358e-01 3.529442780086213816e+02
4.511639477205378057e-01 3.653791317274575476e+02
4.695343467345283184e-01 3.782520874262472717e+02
4.882186801431249723e-01 3.915785802157828357e+02
5.071862220183771530e-01 4.053745890132218506e+02
5.264022916841226696e-01 4.196566557013510419e+02
5.458281901652554113e-01 4.344419049628643279e+02
5.654211809590210525e-01 4.497480648134389867e+02
5.851345192661585592e-01 4.655934878582293095e+02
6.049175333262685195e-01 4.819971732972615541e+02
6.247157609040980830e-01 4.989787897061202102e+02
6.444711432739738122e-01 5.165586986192369068e+02
6.641222782528080071e-01 5.347579789440640070e+02
6.836047329439858267e-01 5.535984522353959392e+02
7.028514158832079861e-01 5.731027088601572359e+02
7.217930072330764890e-01 5.932941350840177392e+02
7.403584445685676974e-01 6.141969411123187683e+02
7.584754606455446080e-01 6.358361901189331320e+02
7.760711683669909711e-01 6.582378282978580728e+02
7.930726869774296084e-01 6.814287159735836212e+02
8.094078023487727425e-01 7.054366598075359889e+02
8.250056530972408320e-01 7.302904461392038229e+02
8.397974332205563330e-01 7.560198755019396231e+02
8.537171009991751935e-01 7.826557983548091215e+02
8.667020830987189894e-01 8.102301520733383313e+02
8.786939621777998255e-01 8.387759992435146614e+02
8.896391358809120353e-01 8.683275673049437273e+02
8.994894349134534561e-01 8.989202895907141055e+02
9.082026879857114654e-01 9.305908478131690345e+02
9.157432218006144042e-01 9.633772160465189245e+02
9.220822849653909081e-01 9.973187062590487812e+02
9.271983857406427276e-01 1.032456015449502047e+03
9.310775349020146141e-01 1.068831274444160954e+03
9.337133866680044081e-01 1.106488098413143689e+03
9.351072726176763439e-01 1.145471639166464911e+03
9.352681257454744657e-01 1.185828639292592698e+03
9.342122942244546202e-01 1.227607488204402216e+03
9.319632470085351672e-01 1.270858280159716969e+03
9.285511760216352828e-01 1.315632874326028286e+03
9.240125022708381985e-01 1.361984956961396620e+03
9.183892956901219540e-01 1.409970105786096155e+03
9.117286207772496986e-01 1.459645856622192014e+03
9.040818220383745052e-01 1.511071772380936409e+03
8.955037648196791933e-01 1.564309514480724147e+03
8.860520482122387076e-01 1.619422916781231834e+03
8.757862073114398571e-01 1.676478062122371966e+03
8.647669221625257086e-01 1.735543361559866526e+03
8.530552502195384301e-01 1.796689636392424973e+03
8.407118981014040093e-01 1.859990203078881677e+03
8.277965468866789189e-01 1.925520961147126172e+03
8.143672432116972892e-01 1.993360484200202791e+03
8.004798661102916491e-01 2.063590114128730875e+03
7.861876769579840829e-01 2.136294058642602067e+03
7.715409571711940862e-01 2.211559492238867279e+03
7.565867355785389492e-01 2.289476660726925729e+03
7.413686047403382773e-01 2.370138989436312841e+03
7.259266230485893479e-01 2.453643195236837983e+03
7.102972972828639486e-01 2.540089402505404450e+03
6.945136384981961397e-01 2.629581263178518839e+03
6.786052827265995901e-01 2.722226081034491017e+03
6.625986670076811080e-01 2.818134940354311311e+03
6.465172507249073997e-01 2.917422839115460647e+03
6.303817720892995746e-01 3.020208826878395939e+03
6.142105298396804969e-01 3.126616147531015486e+03
5.980196807616934285e-01 3.236772387062254893e+03
5.818235444010652069e-01 3.350809626542034948e+03
5.656349072905711983e-01 3.468864600490926932e+03
5.494653200565002837e-01 3.591078860829491077e+03
5.333253818563313819e-01 3.717598946603848617e+03
5.172250076707584077e-01 3.848576559690945942e+03
5.011736749870469021e-01 3.984168746694271249e+03
4.851806473359120409e-01 4.124538087248056399e+03
4.692551729611940670e-01 4.269852888955772869e+03
4.534066576018987993e-01 4.420287389196681033e+03
4.376448109498316530e-01 4.576021964042329273e+03
4.219797668199741225e-01 4.737243344533602794e+03
4.064221774464933934e-01 4.904144840577594550e+03
3.909832826087528135e-01 5.076926572732713794e+03
3.756749545136371937e-01 5.255795712160045696e+03
3.605097195271232957e-01 5.440966729028607006e+03
3.455007579720415500e-01 5.632661649672341809e+03
3.306618833013571512e-01 5.831110322807263401e+03
3.160075020261160494e-01 6.036550695127826657e+03
3.015525558316987653e-01 6.249229096613110414e+03
2.873124473610502161e-01 6.469400535884837154e+03
2.733029511836619352e-01 6.697329005971332663e+03
2.595401115078721510e-01 6.933287800844153026e+03
2.460401282343067375e-01 7.177559843106819244e+03
2.328192329919253623e-01 7.430438023228619386e+03
2.198935568462909995e-01 7.692225550730251598e+03
2.072789914225240948e-01 7.963236317742283973e+03
1.949910452420756390e-01 8.243795275372493052e+03
1.830446971311117943e-01 8.534238823333300388e+03
1.714542486159881252e-01 8.834915213296391812e+03
1.602331772741671656e-01 9.146184966458326016e+03
1.493939930524643411e-01 9.468421305817677421e+03
1.389480995935989394e-01 9.802010603682070723e+03
1.289056626215202006e-01 1.014735284494172265e+04
1.192754874208127591e-01 1.050486210666485567e+04
1.100649074010702083e-01 1.087496705459016812e+04
1.012796856596492601e-01 1.125811145711165591e+04
9.292393134276318023e-02 1.165475471737189764e+04
8.500003245364086413e-02 1.206537242410206454e+04
7.750860656687770522e-02 1.249045692186894485e+04
7.044847068067010276e-02 1.293051790141276433e+04
6.381663117514337069e-02 1.338608301078374461e+04
5.760829454832938623e-02 1.385769848800994805e+04
5.181689927547472596e-02 1.434592981605523892e+04
4.643416878726527169e-02 1.485136240085260215e+04
4.145018519417344172e-02 1.537460227322563878e+04
3.685348300436198932e-02 1.591627681554015362e+04
3.263116169921009835e-02 1.647703551395687828e+04
2.876901565216809231e-02 1.705755073718741187e+04
2.525167951267531102e-02 1.765851854268721218e+04
2.206278683725607440e-02 1.828065951125196079e+04
1.918513944497034218e-02 1.892471961101850320e+04
1.660088471457615497e-02 1.959147109190596530e+04
1.429169783614690943e-02 2.028171341156954441e+04
1.223896588983380308e-02 2.099627419397742415e+04
1.042397055703888319e-02 2.173601022175998878e+04
8.828066280726593745e-03 2.250180846352126173e+04
7.432850785898349397e-03 2.329458713734444609e+04
6.220325049544539985e-03 2.411529681176643498e+04
5.173040069689326635e-03 2.496492154554182707e+04
4.274228120115530945e-03 2.584448006756282848e+04
3.507916582235864802e-03 2.675502699834965097e+04
2.859022906336191553e-03 2.769765411457636947e+04
2.313429756108997121e-03 2.867349165814823209e+04
1.858039915705586576e-03 2.968370969139998851e+04
1.480811068524983927e-03 3.072951950004049286e+04
1.170771071949327927e-03 3.181217504552518949e+04
9.180148328060315846e-04 3.293297446859854244e+04
7.136843163553070963e-04 3.409326164580894692e+04
5.499335812319225717e-04 3.529442780086214043e+04
4.198810113872719174e-04 3.653791317274575704e+04
3.175511050093421600e-04 3.782520874262472353e+04
2.378082754352295260e-04 3.915785802157826402e+04
1.762851207083105450e-04 4.053745890132219210e+04
1.293075317981480532e-04 4.196566557013511192e+04
9.381884398177094706e-05 4.344419049628638459e+04
6.730500446227342612e-05 4.497480648134388321e+04
4.772244765055186198e-05 4.655934878582292731e+04
3.343005495801697517e-05 4.819971732972616155e+04
2.312624621000144789e-05 4.989787897061201511e+04
1.579192198194828510e-05 5.165586986192368931e+04
1.063966565505442567e-05 5.347579789440634340e+04
7.069333580810096875e-06 5.535984522353959619e+04
4.629921048389515340e-06 5.731027088601567084e+04
2.987396877096737492e-06 5.932941350840176892e+04
1.898052996321715655e-06 6.141969411123187456e+04
1.186816646586731932e-06 6.358361901189324999e+04
7.299183712812365718e-07 6.582378282978579227e+04
4.412931672000668031e-07 6.814287159735836030e+04
2.621080198324057699e-07 7.054366598075366346e+04
1.528489064613239456e-07 7.302904461392039957e+04
8.745657136576263636e-08 7.560198755019389500e+04
4.906591632803682584e-08 7.826557983548090851e+04
2.697265907825701985e-08 8.102301520733383950e+04
1.451818809366414734e-08 8.387759992435137974e+04
7.645806925253465862e-09 8.683275673049436591e+04
3.936611616759815973e-09 8.989202895907140919e+04
1.979996693082009746e-09 9.305908478131680749e+04
9.720556995224731052e-10 9.633772160465188790e+04
4.654061936433909207e-10 9.973187062590477581e+04
2.171220674939095759e-10 1.032456015449501865e+05
9.860740701323747965e-11 1.068831274444161099e+05
4.355498366369453116e-11 1.106488098413142579e+05
1.869232881325619848e-11 1.145471639166465029e+05
7.786561440373293359e-12 1.185828639292592852e+05
3.145058656802712313e-12 1.227607488204403489e+05
1.230383324966069595e-12 1.270858280159716960e+05
4.656848007958527978e-13 1.315632874326026940e+05
1.703247263326159887e-13 1.361984956961396674e+05
6.012756138337516241e-14 1.409970105786095955e+05
2.046150278232776087e-14 1.459645856622190331e+05
6.703601644472059579e-15 1.511071772380936309e+05
2.111565310827526696e-15 1.564309514480724174e+05
6.385941370773271770e-16 1.619422916781230306e+05
1.851597858510961630e-16 1.676478062122371921e+05
5.139549495322981576e-17 1.735543361559864716e+05
1.363617818890969334e-17 1.796689636392424873e+05
3.452697992607038209e-18 1.859990203078881896e+05
8.329281923385886443e-19 1.925520961147124181e+05
1.911169087413828000e-19 1.993360484200202627e+05
4.163577858791434234e-20 2.063590114128731075e+05
8.596402403616470103e-21 2.136294058642604505e+05
1.678911229192832097e-21 2.211559492238867097e+05
3.095631231334899236e-22 2.289476660726923146e+05
5.377751983744258294e-23 2.370138989436312404e+05
8.783567414246812372e-24 2.453643195236838073e+05
1.345910474898818186e-24 2.540089402505401522e+05
1.930454959238342687e-25 2.629581263178518857e+05
2.585771986546147378e-26 2.722226081034491071e+05
3.226717852214646197e-27 2.818134940354308346e+05
3.741866151942492555e-28 2.917422839115460520e+05
4.022074334414227577e-29 3.020208826878393302e+05
3.996548563239407257e-30 3.126616147531015449e+05
3.660925614409067399e-31 3.236772387062254711e+05
3.082640023575818561e-32 3.350809626542031183e+05
2.378988022701641641e-33 3.468864600490926532e+05
1.677510591753442969e-34 3.591078860829491168e+05
1.077360129599058802e-35 3.717598946603852673e+05
6.281299871567413831e-37 3.848576559690945433e+05
3.313226860196498175e-38 3.984168746694266447e+05
1.575555530335417499e-39 4.124538087248055963e+05
6.729937749155477361e-41 4.269852888955773669e+05
2.572415911097593872e-42 4.420287389196676668e+05
8.764442585132150745e-44 4.576021964042329346e+05
2.650944675786919516e-45 4.737243344533602940e+05
7.088405571428519174e-47 4.904144840577589348e+05
1.668330460608218890e-48 5.076926572732712957e+05
3.440716424156910206e-50 5.255795712160040857e+05
6.189104714747448300e-52 5.440966729028606787e+05
9.663325090202703476e-54 5.632661649672342464e+05
1.303104074543995398e-55 5.831110322807257762e+05
1.509881966457523308e-57 6.036550695127827348e+05
1.495191788219069527e-59 6.249229096613109577e+05
1.258454908293723495e-61 6.469400535884842975e+05
8.951121223659989988e-64 6.697329005971332081e+05
5.348607948098760003e-66 6.933287800844145240e+05
2.668464459549369053e-68 7.177559843106819317e+05
1.104534435358536239e-70 7.430438023228618549e+05
3.768225468628407754e-73 7.692225550730244722e+05
1.052388797931917620e-75 7.963236317742284155e+05
2.389103600832472869e-78 8.243795275372493779e+05
4.376661956353305242e-81 8.534238823333291803e+05
6.421232775577444119e-84 8.834915213296392467e+05
7.486239554544906745e-87 9.146184966458316194e+05
6.879576925674310413e-90 9.468421305817677639e+05
4.941642667959764803e-93 9.802010603682069341e+05
2.750572836081544962e-96 1.014735284494171268e+06
1.175749957826765047e-99 1.050486210666485364e+06
3.823905311001417076e-103 1.087496705459016841e+06
9.371683709594778636e-107 1.125811145711166784e+06
1.713630220918695016e-110 1.165475471737189684e+06
2.313788877480219583e-114 1.206537242410205305e+06
2.282431216572784811e-118 1.249045692186894594e+06
1.626806052846936356e-122 1.293051790141276550e+06
8.282577427063182612e-127 1.338608301078373101e+06
2.976728435310772809e-131 1.385769848800994689e+06
7.459812240039010080e-136 1.434592981605523964e+06
1.287107370572818904e-140 1.485136240085258614e+06
1.508998207183561435e-145 1.537460227322563995e+06
1.185870835527177272e-150 1.591627681554013630e+06
6.159424285943464116e-156 1.647703551395687740e+06
2.083822054034086175e-161 1.705755073718741536e+06
4.523133280345593417e-167 1.765851854268719209e+06
6.201342979684612270e-173 1.828065951125196414e+06
5.284085663784831989e-179 1.892471961101850262e+06
2.751782619723613810e-185 1.959147109190598596e+06
8.607650324051210873e-192 2.028171341156954411e+06
1.588480676544046901e-198 2.099627419397740159e+06
1.697586472840999608e-205 2.173601022175998893e+06
1.030566165067711634e-212 2.250180846352126449e+06
3.483860225658691360e-220 2.329458713734442368e+06
6.424338755864104869e-228 2.411529681176643819e+06
6.325653587909226700e-236 2.496492154554182664e+06
3.253054242800403360e-244 2.584448006756280549e+06
8.539797328147990485e-253 2.675502699834964704e+06
1.117597595656395737e-261 2.769765411457634531e+06
7.114653878050892137e-271 2.867349165814823005e+06
2.147959280760586015e-280 2.968370969139998779e+06
2.995624019827342814e-290 3.072951950004046317e+06
1.878107434289399713e-300 3.181217504552519415e+06
5.146262833987815275e-311 3.293297446859854273e+06
0.000000000000000000e+00 3.409326164580898359e+06
0.000000000000000000e+00 3.529442780086213723e+06
0.000000000000000000e+00 3.653791317274571862e+06
0.000000000000000000e+00 3.782520874262472149e+06
0.000000000000000000e+00 3.915785802157825790e+06
0.000000000000000000e+00 4.053745890132215340e+06
0.000000000000000000e+00 4.196566557013510726e+06
0.000000000000000000e+00 4.344419049628638662e+06
0.000000000000000000e+00 4.497480648134383373e+06
0.000000000000000000e+00 4.655934878582293168e+06
0.000000000000000000e+00 4.819971732972610742e+06
0.000000000000000000e+00 4.989787897061201744e+06
