6.628189750607706675e-03 4.929232300371104714e+00
7.367309717728048706e-03 5.102897908288340112e+00
8.177245841206890256e-03 5.282682063990590038e+00
9.063193831324905386e-03 5.468800334782433659e+00
1.003053367377676995e-02 5.661475882787438074e+00
1.108481344080564437e-02 5.860939732527086221e+00
1.223173049538393321e-02 6.067431047927039245e+00
1.347711015994838141e-02 6.281197419082812594e+00
1.482688197452436581e-02 6.502495159128672597e+00
1.628705372428275455e-02 6.731589611565808262e+00
1.786368347225253395e-02 6.968755468418184051e+00
1.956284988755156717e-02 7.214277099597596887e+00
2.139062121151763876e-02 7.468448893872880134e+00
2.335302325182756975e-02 7.731575611851983609e+00
2.545600683653263807e-02 8.003972751400310059e+00
2.770541519428183774e-02 8.285966925933385241e+00
3.010695175256988820e-02 8.577896256037382372e+00
3.266614886131614243e-02 8.880110774887214120e+00
3.538833795370575908e-02 9.192972847948180259e+00
3.827862164922320870e-02 9.516857607464448421e+00
4.134184828508462306e-02 9.852153402255382275e+00
4.458258933183914530e-02 1.019926226335890895e+01
4.800512010721930817e-02 1.055860038608039986e+01
5.161340415031806517e-02 1.093059862902499724e+01
5.541108155681020997e-02 1.131570303071164574e+01
5.940146150681656356e-02 1.171437534438846129e+01
6.358751914162463770e-02 1.212709359169052625e+01
6.797189686570918876e-02 1.255435263580405447e+01
7.255691006808680232e-02 1.299666477482418436e+01
7.734455717402848041e-02 1.345456035601771561e+01
8.233653385608995234e-02 1.392858841172751738e+01
8.753425115423704717e-02 1.441931731768098857e+01
9.293885717975383653e-02 1.492733547449174658e+01
9.855126200813860149e-02 1.545325201317200836e+01
1.043721653030316027e-01 1.599769752550132296e+01
1.104020861574339235e-01 1.656132482012750273e+01
1.166413945903143901e-01 1.714480970530641812e+01
1.230903440966692325e-01 1.774885179921893297e+01
1.297491046172368767e-01 1.837417536883688385e+01
1.366177952704895338e-01 1.902153019834384651e+01
1.436965161742499164e-01 1.969169248815168061e+01
1.509853786773882600e-01 2.038546578559125066e+01
1.584845333236769849e-01 2.110368194839294631e+01
1.661941948804505909e-01 2.184720214211228040e+01
1.741146637845729650e-01 2.261691787269673881e+01
1.822463433882454131e-01 2.341375205543151239e+01
1.905897524281394417e-01 2.423866012154632799e+01
1.991455321942698919e-01 2.509263116380997971e+01
2.079144479410297564e-01 2.597668912248601103e+01
2.168973841629012467e-01 2.689189401307189442e+01
2.260953334524220260e-01 2.783934319729362272e+01
2.355093787685898776e-01 2.882017269887957767e+01
2.451406690701769253e-01 2.983555856569170217e+01
2.549903884098300155e-01 3.088671827984658691e+01
2.650597187401042554e-01 3.197491221751796431e+01
2.753497968494658665e-01 3.310144516017059857e+01
2.858616660215455019e-01 3.426766785903737400e+01
2.965962231901900781e-01 3.547497865471595446e+01
3.075541625406449375e-01 3.672482515382665014e+01
3.187359166771084329e-01 3.801870596474179109e+01
3.301415966316231798e-01 3.935817249446822075e+01
3.417709321209657092e-01 4.074483080883669572e+01
3.536232135589450487e-01 4.218034355822944548e+01
3.656972373935413745e-01 4.366643197115456587e+01
3.779912563547249138e-01 4.520487791805713584e+01
3.905029361640022234e-01 4.679752604784253123e+01
4.032293201668552540e-01 4.844628599967303018e+01
4.161668032027229791e-01 5.015313469268995306e+01
4.293111158249110493e-01 5.192011869640696631e+01
4.426573197283270034e-01 5.374935668461614569e+01
4.561998149424570936e-01 5.564304197574986688e+01
4.699323590091136760e-01 5.760344516274415128e+01
4.838480979997546449e-01 5.963291683555655709e+01
4.979396088479550175e-01 6.173389039960326841e+01
5.121989520917334948e-01 6.390888499349484420e+01
5.266177337515850487e-01 6.616050850956898444e+01
5.411871747260480481e-01 6.849146072084184311e+01
5.558981857798203086e-01 7.090453651812755709e+01
5.707414459405891760e-01 7.340262926120706766e+01
5.857074819191143700e-01 7.598873424806497212e+01
6.007867460300255757e-01 7.866595230635324754e+01
6.159696900238057493e-01 8.143749351138887960e+01
6.312468322468232085e-01 8.430668103514308598e+01
6.466088156278835264e-01 8.727695513083747869e+01
6.620464541460963082e-01 9.035187725792428637e+01
6.775507656639397913e-01 9.353513435239709395e+01
6.931129893073467718e-01 9.683054324755224229e+01
7.087245859354813771e-01 1.002420552505016786e+02
7.243772206592042906e-01 1.037737608799240832e+02
7.400627268291434246e-01 1.074298947707356433e+02
7.557730514104070707e-01 1.112148407515610131e+02
7.715001821778278979e-01 1.151331371010927427e+02
7.872360576883709049e-01 1.191894819896414788e+02
8.029724614997696408e-01 1.233887391124013533e+02
8.187009025899271153e-01 1.277359435211858028e+02
8.344124843734851416e-01 1.322363076616256592e+02
8.500977650944249175e-01 1.368952276230683083e+02
8.657466126825978936e-01 1.417182896086717392e+02
8.813480573861367517e-01 1.467112766334519165e+02
8.968901456225778501e-01 1.518801754583142838e+02
9.123597985248008690e-01 1.572311837683828912e+02
9.277426785934078657e-01 1.627707176042353865e+02
9.430230677091189229e-01 1.685054190549532791e+02
9.581837595153886999e-01 1.744421642222125399e+02
9.732059688648292406e-01 1.805880714649626952e+02
9.880692606481418228e-01 1.869505099345805093e+02
1.002751499908237642e+00 1.935371084107328841e+02
1.017228824703310996e+00 2.003557644485428568e+02
1.031475642738970411e+00 2.074146538480258357e+02
1.045464652358359947e+00 2.147222404571512016e+02
1.059166888075597335e+00 2.222872863202836697e+02
1.072551790474164601e+00 2.301188621841717747e+02
1.085587299977081033e+00 2.382263583740810589e+02
1.098239973735038122e+00 2.466194960531125844e+02
1.110475124673582448e+00 2.553083388782074508e+02
1.122256981588875435e+00 2.643033050668134933e+02
1.133548869078115251e+00 2.736151798886811548e+02
1.144313406027422708e+00 2.832551285977679640e+02
1.154512721346892867e+00 2.932347098197569721e+02
1.164108685628424844e+00 3.035658894112416988e+02
1.173063157395224598e+00 3.142610548071940002e+02
1.181338242601246202e+00 3.253330298739187469e+02
1.188896566013878831e+00 3.367950902853048092e+02
1.195701553065133593e+00 3.486609794408094558e+02
1.201717720678579626e+00 3.609449249442599807e+02
1.206910975466705116e+00 3.736616556632334891e+02
1.211248917544248238e+00 3.868264193894692653e+02
1.214701148017597543e+00 4.004550011214887490e+02
1.217239577991537924e+00 4.145637419913448412e+02
1.218838736687355429e+00 4.291695588581925449e+02
1.219476075997758091e+00 4.442899645921781371e+02
1.219132268522903795e+00 4.599430890729654493e+02
1.217791495848303374e+00 4.761477009280760058e+02
1.215441723550696906e+00 4.929232300371104429e+02
1.212074959164233690e+00 5.102897908288334179e+02
1.207687489118984603e+00 5.282682063990584993e+02
1.202280090489619591e+00 5.468800334782433765e+02
1.195858213276651538e+00 5.661475882787437968e+02
1.188432128898196272e+00 5.860939732527086790e+02
1.180017040608236423e+00 6.067431047927040026e+02
1.170633151688358797e+00 6.281197419082812985e+02
1.160305687492993343e+00 6.502495159128674231e+02
1.149064867770533294e+00 6.731589611565801761e+02
1.136945826139496907e+00 6.968755468418177088e+02
1.123988474172531671e+00 7.214277099597596816e+02
1.110237308230990871e+00 7.468448893872880490e+02
1.095741157995181903e+00 7.731575611851984604e+02
1.080552876542426377e+00 8.003972751400309562e+02
1.064728972825326414e+00 8.285966925933383891e+02
1.048329188480430219e+00 8.577896256037382727e+02
1.031416022033085689e+00 8.880110774887205025e+02
1.014054204734091247e+00 9.192972847948171875e+02
9.963101334404618203e-01 9.516857607464447710e+02
9.782512671057359555e-01 9.852153402255381707e+02
9.599454945418420815e-01 1.019926226335890988e+03
9.414604821198863105e-01 1.055860038608039986e+03
9.228630109560107542e-01 1.093059862902499617e+03
9.042183138459128910e-01 1.131570303071164744e+03
8.855894227346885472e-01 1.171437534438844978e+03
8.670365378076431151e-01 1.212709359169051595e+03
8.486164293375377810e-01 1.255435263580405490e+03
8.303818832053309063e-01 1.299666477482418486e+03
8.123812005133065339e-01 1.345456035601771418e+03
7.946577609283673738e-01 1.392858841172751909e+03
7.772496583355225086e-01 1.441931731768098871e+03
7.601894160633647646e-01 1.492733547449174694e+03
7.435037873908494355e-01 1.545325201317199117e+03
7.272136452939363949e-01 1.599769752550130534e+03
7.113339634865430972e-01 1.656132482012750415e+03
6.958738888054276650e-01 1.714480970530642026e+03
6.808369029417739027e-01 1.774885179921893041e+03
6.662210694959306290e-01 1.837417536883688399e+03
6.520193603901068835e-01 1.902153019834384622e+03
6.382200538799450706e-01 1.969169248815167975e+03
6.248071948190608849e-01 2.038546578559122963e+03
6.117611065039565421e-01 2.110368194839292300e+03
5.990589424044538980e-01 2.184720214211228267e+03
5.866752654005116252e-01 2.261691787269674023e+03
5.745826418212895970e-01 2.341375205543151424e+03
5.627522376244181723e-01 2.423866012154632699e+03
5.511544044568003065e-01 2.509263116380998326e+03
5.397592440835530248e-01 2.597668912248600918e+03
5.285371407268317778e-01 2.689189401307186927e+03
5.174592521781472554e-01 2.783934319729359231e+03
5.064979520839153482e-01 2.882017269887957809e+03
4.956272174951147913e-01 2.983555856569169919e+03
4.848229575544732439e-01 3.088671827984658648e+03
4.740632810034755562e-01 3.197491221751796274e+03
4.633287019627700398e-01 3.310144516017060141e+03
4.526022851131497049e-01 3.426766785903737400e+03
4.418697329262605278e-01 3.547497865471591922e+03
4.311194189188148895e-01 3.672482515382661404e+03
4.203423719954156312e-01 3.801870596474179365e+03
4.095322177781227091e-01 3.935817249446822188e+03
3.986850833822792595e-01 4.074483080883669572e+03
3.877994723861373783e-01 4.218034355822944235e+03
3.768761167662010858e-01 4.366643197115457042e+03
3.659178123510553049e-01 4.520487791805713641e+03
3.549292439129954624e-01 4.679752604784248433e+03
3.439168054056797597e-01 4.844628599967298214e+03
3.328884201091927286e-01 5.015313469268995505e+03
3.218533646063372333e-01 5.192011869640696204e+03
3.108220996313681983e-01 5.374935668461614114e+03
2.998061099487168701e-01 5.564304197574983846e+03
2.888177545747939168e-01 5.760344516274415582e+03
2.778701278852548362e-01 5.963291683555655254e+03
2.669769314806226812e-01 6.173389039960320588e+03
2.561523561344243860e-01 6.390888499349482117e+03
2.454109727311084566e-01 6.616050850956898103e+03
2.347676308189618755e-01 6.849146072084185107e+03
2.242373632516266313e-01 7.090453651812755197e+03
2.138352953598699202e-01 7.340262926120703014e+03
2.035765571674594820e-01 7.598873424806497496e+03
1.934761973225760101e-01 7.866595230635325606e+03
1.835490976387632589e-01 8.143749351138880229e+03
1.738098874065625299e-01 8.430668103514304676e+03
1.642728569293783747e-01 8.727695513083746846e+03
1.549518700376102120e-01 9.035187725792429774e+03
1.458602756292537161e-01 9.353513435239708997e+03
1.370108185615361296e-01 9.683054324755221387e+03
1.284155504682640558e-01 1.002420552505016894e+04
1.200857412956270048e-01 1.037737608799241025e+04
1.120317925317132202e-01 1.074298947707355364e+04
1.042631532502289182e-01 1.112148407515609506e+04
9.678824019638496146e-02 1.151331371010927433e+04
8.961436321294191654e-02 1.191894819896414629e+04
8.274765733777818266e-02 1.233887391124013629e+04
7.619302290196490468e-02 1.277359435211857453e+04
6.995407492017760576e-02 1.322363076616256694e+04
6.403310299430675645e-02 1.368952276230682946e+04
5.843104284729316866e-02 1.417182896086715846e+04
5.314746046867107471e-02 1.467112766334518528e+04
4.818054968741227601e-02 1.518801754583142610e+04
4.352714379328512934e-02 1.572311837683828890e+04
3.918274160752298341e-02 1.627707176042353967e+04
3.514154816030415351e-02 1.685054190549531995e+04
3.139652987041666871e-02 1.744421642222125593e+04
2.793948384644942551e-02 1.805880714649626680e+04
2.476112064474690275e-02 1.869505099345802955e+04
2.185115953392142291e-02 1.935371084107328352e+04
1.919843503638470408e-02 2.003557644485428682e+04
1.679101325220667268e-02 2.074146538480258096e+04
1.461631622805601403e-02 2.147222404571512016e+04
1.266125242250757538e-02 2.222872863202835651e+04
1.091235114685856766e-02 2.301188621841717759e+04
9.355898735385177745e-03 2.382263583740810645e+04
7.978074127280555816e-03 2.466194960531123434e+04
6.765081529535345306e-03 2.553083388782073234e+04
5.703277879151186398e-03 2.643033050668134820e+04
4.779292935622032196e-03 2.736151798886811230e+04
3.980140009527716356e-03 2.832551285977679436e+04
3.293315566793331671e-03 2.932347098197568266e+04
2.706886234566616926e-03 3.035658894112417329e+04
2.209562065191803329e-03 3.142610548071940138e+04
1.790755278635728850e-03 3.253330298739183854e+04
1.440624088356998959e-03 3.367950902853046136e+04
1.150101607098512032e-03 3.486609794408094604e+04
9.109102128611542854e-04 3.609449249442599830e+04
7.155621168631694142e-04 3.736616556632334687e+04
5.573472008910940450e-04 3.868264193894690106e+04
4.303094689469686351e-04 4.004550011214888218e+04
3.292136775780913661e-04 4.145637419913448684e+04
2.495038636459449475e-04 4.291695588581921038e+04
1.872555736939907458e-04 4.442899645921780029e+04
1.391236151100487279e-04 4.599430890729654493e+04
1.022870990042311151e-04 4.761477009280760831e+04
7.439343441994094219e-05 4.929232300371104793e+04
5.350277222459635826e-05 5.102897908288334293e+04
3.803419599870916064e-05 5.282682063990579627e+04
2.671472904578099531e-05 5.468800334782434220e+04
1.853198440417757744e-05 5.661475882787432784e+04
1.269104125877591910e-05 5.860939732527086744e+04
8.575898116004196061e-06 6.067431047927039617e+04
5.715640433008057390e-06 6.281197419082806300e+04
3.755275721723015237e-06 6.502495159128672822e+04
2.431037569033186233e-06 6.731589611565801897e+04
1.549843994889755909e-06 6.968755468418184319e+04
9.725151091433337194e-07 7.214277099597598135e+04
6.003079754523072490e-07 7.468448893872872577e+04
3.643091074797804264e-07 7.731575611851984286e+04
2.172321134734642154e-07 8.003972751400309789e+04
1.271940723275678806e-07 8.285966925933376478e+04
7.308358426548201045e-08 8.577896256037382409e+04
4.118076237184449281e-08 8.880110774887206207e+04
2.274006983217544603e-08 9.192972847948162234e+04
1.229710381513829446e-08 9.516857607464447210e+04
6.507398305625122190e-09 9.852153402255372202e+04
3.367239735984059763e-09 1.019926226335890969e+05
1.702392508613864460e-09 1.055860038608040049e+05
8.402513212378664351e-10 1.093059862902498571e+05
4.045338493437132320e-10 1.131570303071164817e+05
1.898086716996984610e-10 1.171437534438845032e+05
8.671589357732441389e-11 1.212709359169052768e+05
3.853850791240946527e-11 1.255435263580405444e+05
1.664494341006943833e-11 1.299666477482416958e+05
6.979491799277555891e-12 1.345456035601771437e+05
2.838355214301640670e-12 1.392858841172751854e+05
1.118259573348752496e-12 1.441931731768097379e+05
4.263501311306135845e-13 1.492733547449174512e+05
1.571216195006049039e-13 1.545325201317199389e+05
5.590252764310113179e-14 1.599769752550129197e+05
1.917850559435143812e-14 1.656132482012750406e+05
6.336199038548099205e-15 1.714480970530640334e+05
2.013246114825130082e-15 1.774885179921892995e+05
6.143585425913813061e-16 1.837417536883688590e+05
1.797984049737059586e-16 1.902153019834382867e+05
5.039051786117818744e-17 1.969169248815167812e+05
1.350356600042144813e-17 2.038546578559123154e+05
3.454610242278275954e-18 2.110368194839294592e+05
8.423463314877116968e-19 2.184720214211228304e+05
1.954287575791314041e-19 2.261691787269671622e+05
4.306571017321644095e-20 2.341375205543151242e+05
8.997720989142051568e-21 2.423866012154632772e+05
1.778999618723175825e-21 2.509263116380995489e+05
3.322137048463484738e-22 2.597668912248600682e+05
5.847682498458264114e-23 2.689189401307186927e+05
9.682109349271224336e-24 2.783934319729356212e+05
1.504664514272696177e-24 2.882017269887957955e+05
2.189895624196623393e-25 2.983555856569167227e+05
2.977951246204823606e-26 3.088671827984658885e+05
3.774706697032360097e-27 3.197491221751796547e+05
4.448818887964521989e-28 3.310144516017056303e+05
4.862825183466186829e-29 3.426766785903737182e+05
4.916570904804841113e-30 3.547497865471591940e+05
4.585348665605318282e-31 3.672482515382665442e+05
3.933539159603798386e-32 3.801870596474179183e+05
3.094687287146794312e-33 3.935817249446817441e+05
2.226118657892605453e-34 4.074483080883669318e+05
1.459511483936559752e-35 4.218034355822944781e+05
8.693117018413230455e-37 4.366643197115452494e+05
4.687955519328685777e-38 4.520487791805713787e+05
2.280923821991454197e-39 4.679752604784248397e+05
9.976615685562755950e-41 4.844628599967292976e+05
3.908150032865130480e-42 5.015313469268994522e+05
1.365801799983866793e-43 5.192011869640691439e+05
4.241174177212191966e-45 5.374935668461613823e+05
1.165355649580668918e-46 5.564304197574984282e+05
2.821194886293373636e-48 5.760344516274409834e+05
5.990626527215440431e-50 5.963291683555655181e+05
1.110631587338496818e-51 6.173389039960319642e+05
1.789162577020076312e-53 6.390888499349487247e+05
2.492079123487863906e-55 6.616050850956897484e+05
2.985936534536251063e-57 6.849146072084178450e+05
3.061273423923295025e-59 7.090453651812755270e+05
2.670800078539924490e-61 7.340262926120703341e+05
1.971647291162795434e-63 7.598873424806490075e+05
1.224361160621678704e-65 7.866595230635326589e+05
6.356765089207522103e-68 8.143749351138880011e+05
2.742014077800222587e-70 8.430668103514296236e+05
9.762795272808733005e-73 8.727695513083747355e+05
2.849796438986004311e-75 9.035187725792418933e+05
6.772505841263364492e-78 9.353513435239709215e+05
1.300871761318583883e-80 9.683054324755220441e+05
2.004527137088866520e-83 1.002420552505015861e+06
2.458724105863474196e-86 1.037737608799240901e+06
2.381427221178451661e-89 1.074298947707355255e+06
1.806262010458550518e-92 1.112148407515610568e+06
1.063650744422303060e-95 1.151331371010927483e+06
4.819692794915325671e-99 1.191894819896413479e+06
1.665069514862957797e-102 1.233887391124013579e+06
4.343977074629310363e-106 1.277359435211857548e+06
8.473991628534509663e-110 1.322363076616255101e+06
1.223448554403214837e-113 1.368952276230683085e+06
1.293527530921714134e-117 1.417182896086716093e+06
9.905828221562650408e-122 1.467112766334517160e+06
5.432452962282011054e-126 1.518801754583142698e+06
2.108542043855428665e-130 1.572311837683827383e+06
5.722169380492460254e-135 1.627707176042353967e+06
1.072151140642969711e-139 1.685054190549531952e+06
1.368989051820841219e-144 1.744421642222123919e+06
1.175234950854980792e-149 1.805880714649626985e+06
6.688912995477239679e-155 1.869505099345803261e+06
2.487733553513621990e-160 1.935371084107330302e+06
5.956065049293013914e-166 2.003557644485428696e+06
9.038215023350037644e-172 2.074146538480255986e+06
8.554537684947989659e-178 2.147222404571512248e+06
4.966817610075482743e-184 2.222872863202835899e+06
1.738802904492700656e-190 2.301188621841715649e+06
3.605555800662600237e-197 2.382263583740810864e+06
4.347407274247100624e-204 2.466194960531123448e+06
2.990397149772448500e-211 2.553083388782070950e+06
1.150481835138431960e-218 2.643033050668134820e+06
2.425450187407990419e-226 2.736151798886808567e+06
2.743233413251087068e-234 2.832551285977679305e+06
1.628406450076509450e-242 2.932347098197568208e+06
4.959394580068525680e-251 3.035658894112414215e+06
7.569181785964503402e-260 3.142610548071940430e+06
5.650052628149223136e-269 3.253330298739184160e+06
2.011387547303089357e-278 3.367950902853049804e+06
3.326975380809243720e-288 3.486609794408094138e+06
2.488775354997691734e-298 3.609449249442595989e+06
8.187712674927541221e-309 3.736616556632334832e+06
1.217674190740336233e-319 3.868264193894689903e+06
0.000000000000000000e+00 4.004550011214883998e+06
0.000000000000000000e+00 4.145637419913448859e+06
0.000000000000000000e+00 4.291695588581920601e+06
0.000000000000000000e+00 4.442899645921775140e+06
0.000000000000000000e+00 4.599430890729654580e+06
0.000000000000000000e+00 4.761477009280755185e+06
0.000000000000000000e+00 4.929232300371104851e+06
