5.359666269414489759e-03 2.109275046055531263e+09
5.546856396978085135e-03 2.183588551854458809e+09
5.740733371237364234e-03 2.260520254438321114e+09
5.941538741878086421e-03 2.340162397529586792e+09
6.149522930946357477e-03 2.422610474760889530e+09
6.364945564680493661e-03 2.507963344175125599e+09
6.588075817745262658e-03 2.596323346759607792e+09
6.819192770278518015e-03 2.687796429156388283e+09
7.058585778187455480e-03 2.782492270695866108e+09
7.306554857127945703e-03 2.880524414906035423e+09
7.563411080611092373e-03 2.982010405655027390e+09
7.829476992681109332e-03 3.087071928090193748e+09
8.105087035625718056e-03 3.195834954542741299e+09
8.390587993162517202e-03 3.308429895572813988e+09
8.686339449565923937e-03 3.424991756336189747e+09
8.992714265187193995e-03 3.545660298460054398e+09
9.310099068818401130e-03 3.670580207621914864e+09
9.638894767354027823e-03 3.799901267032655239e+09
9.979517073184011183e-03 3.933778537031680107e+09
1.033239704976138262e-02 4.072372541009525776e+09
1.069798167574509060e-02 4.215849457880867481e+09
1.107673442814187566e-02 4.364381321338652611e+09
1.146913588480966140e-02 4.518146226128353119e+09
1.187568434669885459e-02 4.677328541589620590e+09
1.229689648014522380e-02 4.842119132721355438e+09
1.273330797952546348e-02 5.012715589035337448e+09
1.318547425052472334e-02 5.189322461472751617e+09
1.365397111423855697e-02 5.372151507667704582e+09
1.413939553226563686e-02 5.561421945851834297e+09
1.464236635290752306e-02 5.757360717704379082e+09
1.516352507851476648e-02 5.960202760462971687e+09
1.570353665395508164e-02 6.170191288621374130e+09
1.626309027609442598e-02 6.387578085551878929e+09
1.684290022410568979e-02 6.612623805402140617e+09
1.744370671030620601e-02 6.845598285628337860e+09
1.806627675113510120e-02 7.086780870539438248e+09
1.871140505775835752e-02 7.336460746240530014e+09
1.937991494566776787e-02 7.594937287376737595e+09
2.007265926250293223e-02 7.862520416093599319e+09
2.079052133317811635e-02 8.139530973644268990e+09
2.153441592124423487e-02 8.426301105089013100e+09
2.230529020524632880e-02 8.723174657548444748e+09
2.310412476865694384e-02 9.030507592487892151e+09
2.393193460178296220e-02 9.348668412527250290e+09
2.478977011384487714e-02 9.678038603288187027e+09
2.567871815321528042e-02 1.001901309080827713e+10
2.659990303359787561e-02 1.037200071507076263e+10
2.755448756369414942e-02 1.073742472021759796e+10
2.854367407769005036e-02 1.111572326203348160e+10
2.956870546364820385e-02 1.150734993330954552e+10
3.063086618665819549e-02 1.191277430771651077e+10
3.173148330337614148e-02 1.233248250283942795e+10
3.287192746432791857e-02 1.276697776304922485e+10
3.405361390014031986e-02 1.321678106290970039e+10
3.527800338763362881e-02 1.368243173184375191e+10
3.654660319150996456e-02 1.416448810080770302e+10
3.786096797717425355e-02 1.466352817174897575e+10
3.922270069006143778e-02 1.518015031065011215e+10
4.063345339669779954e-02 1.571497396498987198e+10
4.209492808260761887e-02 1.626864040648177338e+10
4.360887740212025798e-02 1.684181349998070145e+10
4.517710537507706875e-02 1.743518049947931671e+10
4.680146802547409390e-02 1.804945287214893723e+10
4.848387395714582465e-02 1.868536715141291809e+10
5.022628486171785978e-02 1.934368582007508469e+10
5.203071595427614243e-02 2.002519822456258392e+10
5.389923633245019552e-02 2.073072152137899780e+10
5.583396925496216662e-02 2.146110165690274811e+10
5.783709233612835399e-02 2.221721438170555115e+10
5.991083765327123722e-02 2.299996630060699463e+10
6.205749176462239947e-02 2.381029595972450638e+10
6.427939563591499039e-02 2.464917497182209015e+10
6.657894447461742971e-02 2.551760918130690002e+10
6.895858747154237633e-02 2.641663987027086639e+10
7.142082745039532443e-02 2.734734500702325821e+10
7.396822042671388764e-02 2.831084053861129761e+10
7.660337507851251726e-02 2.930828172887852478e+10
7.932895213182571126e-02 3.034086454366534042e+10
8.214766366514353324e-02 3.140982708481264114e+10
8.506227233746933847e-02 3.251645107468799591e+10
8.807559054530564313e-02 3.366206339301422882e+10
9.119047951427319831e-02 3.484803766784323120e+10
9.440984833121690567e-02 3.607579592258261871e+10
9.773665292246885850e-02 3.734681028105009460e+10
1.011738949833732998e-01 3.866260473259986115e+10
1.047246208631371078e-01 4.002475695943753815e+10
1.083919204074497017e-01 4.143490022831470490e+10
1.121789257590702776e-01 4.289472534887118530e+10
1.160888101135657824e-01 4.440598270097319794e+10
1.201247864235496510e-01 4.597048433347814178e+10
1.242901060400076196e-01 4.759010613694277191e+10
1.285880572735172978e-01 4.926679009287958527e+10
1.330219638513275848e-01 5.100254660225866699e+10
1.375951832382730500e-01 5.279945689604650879e+10
1.423111047803294615e-01 5.465967553067269135e+10
1.471731476192872923e-01 5.658543297141621399e+10
1.521847583154779804e-01 5.857903826680899048e+10
1.573494081028775637e-01 6.064288181726337433e+10
1.626705896872477630e-01 6.277943824124344635e+10
1.681518134834491807e-01 6.499126934241655731e+10
1.737966031728726823e-01 6.728102718134286499e+10
1.796084904462791898e-01 6.965145725538589478e+10
1.855910087816252663e-01 7.210540179065704346e+10
1.917476860909660685e-01 7.464580314994132996e+10
1.980820360557543902e-01 7.727570736069010925e+10
2.045975479562953392e-01 7.999826776731127930e+10
2.112976747892731932e-01 8.281674881213638306e+10
2.181858194578350785e-01 8.573452994959780884e+10
2.252653188121955530e-01 8.875510969830928040e+10
2.325394253159205338e-01 9.188210983590824890e+10
2.400112861145252963e-01 9.511927974169044495e+10
2.476839192894685349e-01 9.847050089224290466e+10
2.555601870926917374e-01 1.019397915154660187e+11
2.636427659750431030e-01 1.055313114085651398e+11
2.719341132468190980e-01 1.092493669257886810e+11
2.804364302405065179e-01 1.130984161418930817e+11
2.891516218849908282e-01 1.170830741975257111e+11
2.980812526469970303e-01 1.212081188329350128e+11
3.072264988493044746e-01 1.254784961166432800e+11
3.165880974360423816e-01 1.298993263759508667e+11
3.261662913225919502e-01 1.344759103363822784e+11
3.359607715406112693e-01 1.392137354774358215e+11
3.459706164664918537e-01 1.441184826122579346e+11
3.561942285029757738e-01 1.491960326991309814e+11
3.666292686673573442e-01 1.544524738929419556e+11
3.772725896240499699e-01 1.598941088450863953e+11
3.881201677826023322e-01 1.655274622605615540e+11
3.991670351625728475e-01 1.713592887213093872e+11
4.104072118020315463e-01 1.773965807851893311e+11
4.218336395547944706e-01 1.836465773702923279e+11
4.334381181806736816e-01 1.901167724346494446e+11
4.452112446810465030e-01 1.968149239617422180e+11
4.571423568668480653e-01 2.037490632625877075e+11
4.692194821659385062e-01 2.109275046055531311e+11
4.814292926799624284e-01 2.183588551854456482e+11
4.937570674860334297e-01 2.260520254438319092e+11
5.061866631447974330e-01 2.340162397529586792e+11
5.187004933230752179e-01 2.422610474760889587e+11
5.312795183662647469e-01 2.507963344175126038e+11
5.439032455634394969e-01 2.596323346759607849e+11
5.565497407376651662e-01 2.687796429156388245e+11
5.691956516671635713e-01 2.782492270695866089e+11
5.818162437019607225e-01 2.880524414906032715e+11
5.943854477885150978e-01 2.982010405655024414e+11
6.068759209551854994e-01 3.087071928090193481e+11
6.192591191483987068e-01 3.195834954542741699e+11
6.315053821474149176e-01 3.308429895572814331e+11
6.435840301295544519e-01 3.424991756336189575e+11
6.554634713121709755e-01 3.545660298460053711e+11
6.671113199671543370e-01 3.670580207621915283e+11
6.784945239921922333e-01 3.799901267032651367e+11
6.895795011335869029e-01 3.933778537031676636e+11
7.003322828903052466e-01 4.072372541009526367e+11
7.107186650889459889e-01 4.215849457880867310e+11
7.207043641040039583e-01 4.364381321338652954e+11
7.302551777051545789e-01 4.518146226128352661e+11
7.393371495399528870e-01 4.677328541589620361e+11
7.479167363015699621e-01 4.842119132721355591e+11
7.559609766813636389e-01 5.012715589035332642e+11
7.634376612587615574e-01 5.189322461472746582e+11
7.703155025295983505e-01 5.372151507667705078e+11
7.765643043123914291e-01 5.561421945851834717e+11
7.821551297945615877e-01 5.757360717704378662e+11
7.870604674831528369e-01 5.960202760462971191e+11
7.912543943046869144e-01 6.170191288621374512e+11
7.947127350559297643e-01 6.387578085551879883e+11
7.974132173433348125e-01 6.612623805402133789e+11
7.993356210675494067e-01 6.845598285628330078e+11
8.004619214165534791e-01 7.086780870539438477e+11
8.007764242341696148e-01 7.336460746240531006e+11
8.002658925384058541e-01 7.594937287376737061e+11
7.989196628854434712e-01 7.862520416093599854e+11
7.967297502190073821e-01 8.139530973644268799e+11
7.936909398194709198e-01 8.426301105089012451e+11
7.898008649791271596e-01 8.723174657548436279e+11
7.850600690845304097e-01 9.030507592487882080e+11
7.794720508863801633e-01 9.348668412527250977e+11
7.730432918825048683e-01 9.678038603288187256e+11
7.657832649280913451e-01 1.001901309080827759e+12
7.577044234152570112e-01 1.037200071507076172e+12
7.488221706252321530e-01 1.073742472021759888e+12
7.391548091431369150e-01 1.111572326203348145e+12
7.287234705287386483e-01 1.150734993330953369e+12
7.175520257470837659e-01 1.191277430771649658e+12
7.056669771706236549e-01 1.233248250283942871e+12
6.930973332595116165e-01 1.276697776304922363e+12
6.798744672997608651e-01 1.321678106290969971e+12
6.660319618210941428e-01 1.368243173184375244e+12
6.516054405198052901e-01 1.416448810080770264e+12
6.366323896700896157e-01 1.466352817174897705e+12
6.211519711147092115e-01 1.518015031065009521e+12
6.052048289787201885e-01 1.571497396498985596e+12
5.888328922460528414e-01 1.626864040648177246e+12
5.720791752775339356e-01 1.684181349998070312e+12
5.549875782319736439e-01 1.743518049947931396e+12
5.376026891824512433e-01 1.804945287214893799e+12
5.199695895033575876e-01 1.868536715141291992e+12
5.021336638472008174e-01 1.934368582007508789e+12
4.841404157427556254e-01 2.002519822456256348e+12
4.660352895383938487e-01 2.073072152137897949e+12
4.478634990983846875e-01 2.146110165690274902e+12
4.296698633484340446e-01 2.221721438170555176e+12
4.114986484732665595e-01 2.299996630060699219e+12
3.933934163070355594e-01 2.381029595972449707e+12
3.753968782396639448e-01 2.464917497182208984e+12
3.575507538006186814e-01 2.551760918130689941e+12
3.398956329859223469e-01 2.641663987027083984e+12
3.224708413719655775e-01 2.734734500702324707e+12
3.053143071153402444e-01 2.831084053861129883e+12
2.884624290725135709e-01 2.930828172887852539e+12
2.719499454840434982e-01 3.034086454366534180e+12
2.558098029484555114e-01 3.140982708481262207e+12
2.400730257503715659e-01 3.251645107468799316e+12
2.247685859918077400e-01 3.366206339301423340e+12
2.099232753874282209e-01 3.484803766784320312e+12
1.955615800042940222e-01 3.607579592258260254e+12
1.817055596330514611e-01 3.734681028105009277e+12
1.683747338489215428e-01 3.866260473259985840e+12
1.555859771363535815e-01 4.002475695943754395e+12
1.433534256916188521e-01 4.143490022831468262e+12
1.316883986666877726e-01 4.289472534887118652e+12
1.205993366629869723e-01 4.440598270097320312e+12
1.100917602170118359e-01 4.597048433347809570e+12
1.001682508382197995e-01 4.759010613694274414e+12
9.082845686505096328e-02 4.926679009287958984e+12
8.206912600418880821e-02 5.100254660225866211e+12
7.388416592272363526e-02 5.279945689604651367e+12
6.626473368802118791e-02 5.465967553067266602e+12
5.919935421440221390e-02 5.658543297141621094e+12
5.267406720010880949e-02 5.857903826680898438e+12
4.667260134483022793e-02 6.064288181726332031e+12
4.117657395033940543e-02 6.277943824124340820e+12
3.616571334737386789e-02 6.499126934241655273e+12
3.161810098274605435e-02 6.728102718134287109e+12
2.751042946222048355e-02 6.965145725538589844e+12
2.381827239524907797e-02 7.210540179065700195e+12
2.051636154292724515e-02 7.464580314994133789e+12
1.757886654318038117e-02 7.727570736069009766e+12
1.497967238639677685e-02 7.999826776731119141e+12
1.269264984590369114e-02 8.281674881213635742e+12
1.069191423211679134e-02 8.573452994959783203e+12
8.952068133871164679e-03 8.875510969830927734e+12
7.448424227929709325e-03 9.188210983590824219e+12
6.157204766114205384e-03 9.511927974169039062e+12
5.055714972864150565e-03 9.847050089224291016e+12
4.122488284394825071e-03 1.019397915154660156e+13
3.337402110817550612e-03 1.055313114085650586e+13
2.681763578932916565e-03 1.092493669257886328e+13
2.138365488702697811e-03 1.130984161418930859e+13
1.691513463047753527e-03 1.170830741975257031e+13
1.327025961846920593e-03 1.212081188329350195e+13
1.032209442195275049e-03 1.254784961166432031e+13
7.958114568849876348e-04 1.298993263759508594e+13
6.079548749984393322e-04 1.344759103363822852e+13
4.600566712270671749e-04 1.392137354774356836e+13
3.447348589589227302e-04 1.441184826122578320e+13
2.557071376502621568e-04 1.491960326991309961e+13
1.876846951893981817e-04 1.544524738929419531e+13
1.362643643879220799e-04 1.598941088450863672e+13
9.782199785515810540e-05 1.655274622605614648e+13
6.940951951388666145e-05 1.713592887213093945e+13
4.865765835063274285e-05 1.773965807851893359e+13
3.368589578749717163e-05 1.836465773702921484e+13
2.302068652277196011e-05 1.901167724346493750e+13
1.552256564363847674e-05 1.968149239617422266e+13
1.032235050342479228e-05 2.037490632625877344e+13
6.766298051240702772e-06 2.109275046055531250e+13
4.369795839482602012e-06 2.183588551854456250e+13
2.778951658724382330e-06 2.260520254438316797e+13
1.739301848943185954e-06 2.340162397529586719e+13
1.070777012777695066e-06 2.422610474760887109e+13
6.480382323009607226e-07 2.507963344175125781e+13
3.853170449852638896e-07 2.596323346759607812e+13
2.249474614120938776e-07 2.687796429156385547e+13
1.288572909890230590e-07 2.782492270695866016e+13
7.237886854406575277e-08 2.880524414906032422e+13
3.983722888843244474e-08 2.982010405655027344e+13
2.146990158506640357e-08 3.087071928090193750e+13
1.132172747213986501e-08 3.195834954542738281e+13
5.837189835413513349e-09 3.308429895572814453e+13
2.940075232886032014e-09 3.424991756336189844e+13
1.445504500603580055e-09 3.545660298460050781e+13
6.931338719032482260e-10 3.670580207621914844e+13
3.238685163097500183e-10 3.799901267032651562e+13
1.473255453585741138e-10 3.933778537031672656e+13
6.518308651745195621e-11 4.072372541009525781e+13
2.802300428421280535e-11 4.215849457880862500e+13
1.169439566506345801e-11 4.364381321338652344e+13
4.732265632580150946e-12 4.518146226128353125e+13
1.854887503539325861e-12 4.677328541589615625e+13
7.034536009136667830e-13 4.842119132721355469e+13
2.578207503241064032e-13 5.012715589035332812e+13
9.120993117929239808e-14 5.189322461472751562e+13
3.110764558722748419e-14 5.372151507667704688e+13
1.021486784326192945e-14 5.561421945851828125e+13
3.225217916291883541e-15 5.757360717704379688e+13
9.777903614186499742e-16 5.960202760462971094e+13
2.842309336432939066e-16 6.170191288621367969e+13
7.910291029040483149e-17 6.387578085551878906e+13
2.104471627415362396e-17 6.612623805402133594e+13
5.343596746229816744e-18 6.845598285628324219e+13
1.292856940432768374e-18 7.086780870539437500e+13
2.975462723759823369e-19 7.336460746240521875e+13
6.502506962492723509e-20 7.594937287376737500e+13
1.346906587363457719e-20 7.862520416093600000e+13
2.639396494368093938e-21 8.139530973644260938e+13
4.883526919891626421e-22 8.426301105089012500e+13
8.514236534416278534e-23 8.723174657548435938e+13
1.395826496833425070e-23 9.030507592487892188e+13
2.147084559701903183e-24 9.348668412527251562e+13
3.091890105899776046e-25 9.678038603288178125e+13
4.158598602880768655e-26 1.001901309080827656e+14
5.211626929020959354e-27 1.037200071507076250e+14
6.070458589706863759e-28 1.073742472021758750e+14
6.554988701153095265e-29 1.111572326203348125e+14
6.544336372125446795e-30 1.150734993330953438e+14
6.024244894786260786e-31 1.191277430771648594e+14
5.098481020312659802e-32 1.233248250283942812e+14
3.955435084073935928e-33 1.276697776304921094e+14
2.804347048707168333e-34 1.321678106290969844e+14
1.811236547772902215e-35 1.368243173184375312e+14
1.062179284163963711e-36 1.416448810080768750e+14
5.636672180702769524e-38 1.466352817174897500e+14
2.697249037413007812e-39 1.518015031065009688e+14
1.159604220764553620e-40 1.571497396498987188e+14
4.462213917635372484e-42 1.626864040648177188e+14
1.530898858471840127e-43 1.684181349998068438e+14
4.663822529246293903e-45 1.743518049947931250e+14
1.256374045915217447e-46 1.804945287214893750e+14
2.979856074851431253e-48 1.868536715141290000e+14
6.194734163625832195e-50 1.934368582007508750e+14
1.123528597604408009e-51 2.002519822456256250e+14
1.769259823664087705e-53 2.073072152137895938e+14
2.407041168409385994e-55 2.146110165690274688e+14
2.814634923815549483e-57 2.221721438170553125e+14
2.813783443910379687e-59 2.299996630060699062e+14
2.391613996846405158e-61 2.381029595972450000e+14
1.718464648225168865e-63 2.464917497182206250e+14
1.037693336543358868e-65 2.551760918130689688e+14
5.233781901364527164e-68 2.641663987027084062e+14
2.190916857036534561e-70 2.734734500702327188e+14
7.562202891796198709e-73 2.831084053861129375e+14
2.137622004227424446e-75 2.930828172887850000e+14
4.913802044616286942e-78 3.034086454366534375e+14
9.118951255775551020e-81 3.140982708481262500e+14
1.355930705158133709e-83 3.251645107468796250e+14
1.602894516693165478e-86 3.366206339301423750e+14
1.494298176362232486e-89 3.484803766784320000e+14
1.089433765461600114e-92 3.607579592258256250e+14
6.157919190526691881e-96 3.734681028105009375e+14
2.674499650988355717e-99 3.866260473259981875e+14
8.842908479089829902e-103 4.002475695943754375e+14
2.204541735389668643e-106 4.143490022831468125e+14
4.102907056344970372e-110 4.289472534887114375e+14
5.642122659030827111e-114 4.440598270097319375e+14
5.672057308201545486e-118 4.597048433347810000e+14
4.122802766480683870e-122 4.759010613694279375e+14
2.142082088781013904e-126 4.926679009287958750e+14
7.862020546198345743e-131 5.100254660225861250e+14
2.013579008670807413e-135 5.279945689604650625e+14
3.553318760865634902e-140 5.465967553067266875e+14
4.264137952503017107e-145 5.658543297141615000e+14
3.432888501933864591e-150 5.857903826680898750e+14
1.828148367975316664e-155 6.064288181726332500e+14
6.346922368551205785e-161 6.277943824124335000e+14
1.415040519615728977e-166 6.499126934241656250e+14
1.994581630475409323e-172 6.728102718134280000e+14
1.749027166185007008e-178 6.965145725538590000e+14
9.382973319703433690e-185 7.210540179065701250e+14
3.026670225133112488e-191 7.464580314994125000e+14
5.766164720712706663e-198 7.727570736069010000e+14
6.368669331326174857e-205 7.999826776731120000e+14
4.000447602635652262e-212 8.281674881213643750e+14
1.400978053740564752e-219 8.573452994959782500e+14
2.679645400947424425e-227 8.875510969830918750e+14
2.740261466987379210e-235 9.188210983590825000e+14
1.465530084346609965e-243 9.511927974169040000e+14
4.006520456405712334e-252 9.847050089224280000e+14
5.468173462255735414e-261 1.019397915154660250e+15
3.635717638295163011e-270 1.055313114085650375e+15
1.148172446231031975e-279 1.092493669257885250e+15
1.677651237087508973e-289 1.130984161418930750e+15
1.103776046279474440e-299 1.170830741975256000e+15
3.230600309333870020e-310 1.212081188329350000e+15
0.000000000000000000e+00 1.254784961166432250e+15
0.000000000000000000e+00 1.298993263759507250e+15
0.000000000000000000e+00 1.344759103363823000e+15
0.000000000000000000e+00 1.392137354774356750e+15
0.000000000000000000e+00 1.441184826122580000e+15
0.000000000000000000e+00 1.491960326991309750e+15
0.000000000000000000e+00 1.544524738929418000e+15
0.000000000000000000e+00 1.598941088450863750e+15
0.000000000000000000e+00 1.655274622605614500e+15
0.000000000000000000e+00 1.713592887213092250e+15
0.000000000000000000e+00 1.773965807851893500e+15
0.000000000000000000e+00 1.836465773702921500e+15
0.000000000000000000e+00 1.901167724346491750e+15
0.000000000000000000e+00 1.968149239617422000e+15
0.000000000000000000e+00 2.037490632625875000e+15
0.000000000000000000e+00 2.109275046055531250e+15
