2.429850043323761278e-14 1.484844587331367493e+09
2.514025530796071297e-14 1.537158299124196529e+09
2.601078002114631212e-14 1.591315115889015675e+09
2.691102551423968778e-14 1.647379973487213612e+09
2.784197183666952663e-14 1.705420095585901499e+09
2.880462886684134634e-14 1.765505074261363268e+09
2.980003703783106432e-14 1.827706953442320108e+09
3.082926806659711327e-14 1.892100315293053389e+09
3.189342568537905204e-14 1.958762369639938354e+09
3.299364637382561396e-14 2.027773046548655748e+09
3.413110009024892463e-14 2.099215092163049698e+09
3.530699100024440376e-14 2.173174167920561314e+09
3.652255820074572473e-14 2.249738953263208389e+09
3.777907643741234690e-14 2.329001251967232227e+09
3.907785681304932773e-14 2.411056102218949795e+09
4.042024748456403926e-14 2.496001890568768501e+09
4.180763434574287634e-14 2.583940469899987698e+09
4.324144169289930809e-14 2.674977281553872108e+09
4.472313287020733485e-14 2.769221481757394791e+09
4.625421089127026417e-14 2.866786072505257130e+09
4.783621903319168891e-14 2.967788037053125381e+09
4.947074139914049684e-14 3.072348480184507847e+09
5.115940344507801753e-14 3.180592773419511318e+09
5.290387246598997299e-14 3.292650705339554787e+09
5.470585803662935099e-14 3.408656637208266735e+09
5.656711240140059555e-14 3.528749664075214386e+09
5.848943080763736018e-14 3.653073781555582047e+09
6.047465177612601013e-14 3.781778058485801220e+09
6.252465730228862976e-14 3.915016815662158012e+09
6.464137298101004972e-14 4.052949810876641273e+09
6.682676804761095425e-14 4.195742430471972942e+09
6.908285532700030535e-14 4.343565887645455360e+09
7.141169108250323905e-14 4.496597427739380836e+09
7.381537475535390051e-14 4.655020540764230728e+09
7.629604858527833971e-14 4.819025181409422874e+09
7.885589710201532015e-14 4.988807996805422783e+09
8.149714647703512232e-14 5.164572562310349464e+09
8.422206372409492711e-14 5.346529625603710175e+09
8.703295573663999260e-14 5.534897359380030632e+09
8.993216814941309781e-14 5.729901622945345879e+09
9.292208401094133697e-14 5.931776233030133247e+09
9.600512225293169617e-14 6.140763244143531799e+09
9.918373594186347193e-14 6.357113238804914474e+09
1.024604102974042610e-13 6.581085628000815392e+09
1.058376604615394921e-13 6.812948962227546692e+09
1.093180290016041042e-13 7.052981253492306709e+09
1.129040831296999731e-13 7.301470308659042358e+09
1.165984116202706190e-13 7.558714074538660049e+09
1.204036214069269383e-13 7.825020995137328148e+09
1.243223338389333497e-13 8.100710381491333008e+09
1.283571805771387143e-13 8.386112794531845093e+09
1.325107991085067665e-13 8.681570441438684464e+09
1.367858278578578012e-13 8.987437585958377838e+09
1.411849008749029477e-13 9.304080973178363800e+09
1.457106420742193814e-13 9.631880269266824722e+09
1.503656590054480877e-13 9.971228516705337524e+09
1.551525361307102364e-13 1.032253260556009293e+10
1.600738275860795949e-13 1.068621376135693169e+10
1.651320494039018095e-13 1.106270805014503670e+10
1.703296711728409461e-13 1.145246690135491562e+10
1.756691071128067693e-13 1.185595764907765388e+10
1.811527065423308869e-13 1.227366409241428947e+10
1.867827437166364661e-13 1.270608707556737137e+10
1.925614070154970852e-13 1.315374508837021637e+10
1.984907874611197805e-13 1.361717488797373009e+10
2.045728665477015395e-13 1.409693214243650627e+10
2.108095033660402521e-13 1.459359209698965836e+10
2.172024210086427707e-13 1.510775026377538490e+10
2.237531922432313501e-13 1.564002313588627815e+10
2.304632244454062501e-13 1.619104892656139565e+10
2.373337437845246929e-13 1.676148833442562675e+10
2.443657786606506750e-13 1.735202533568979645e+10
2.515601423947281524e-13 1.796336800426132202e+10
2.589174151789983843e-13 1.859624936074885941e+10
2.664379253001343744e-13 1.925142825137889862e+10
2.741217296536478314e-13 1.992969025787816620e+10
2.819685935748736416e-13 2.063184863941275406e+10
2.899779700192763696e-13 2.135874530771346664e+10
2.981489781330032780e-13 2.211125183655653381e+10
3.064803812635250297e-13 2.289027050681021881e+10
3.149705644699123943e-13 2.369673538830015564e+10
3.236175116027928398e-13 2.453161345979075623e+10
3.324187820353209665e-13 2.539590576842559052e+10
3.413714871386029414e-13 2.629064863001690292e+10
3.504722666078936423e-13 2.721691487162344360e+10
3.597172647595540474e-13 2.817581511790647507e+10
3.691021069331416457e-13 2.916849912280646133e+10
3.786218761480953157e-13 3.019615714813711929e+10
3.882710901801422202e-13 3.126002139074966049e+10
3.980436792387988877e-13 3.236136745997865677e+10
4.079329644439261415e-13 3.350151590714091110e+10
4.179316373162343887e-13 3.468183380892136383e+10
4.280317405136073773e-13 3.590373640654440308e+10
4.382246500620643278e-13 3.716868880269608307e+10
4.485010593467879743e-13 3.847820771823201752e+10
4.588509651446958009e-13 3.983386331077717590e+10
4.692636559952270102e-13 4.123728105739815521e+10
4.797277032200160150e-13 4.269014370360530090e+10
4.902309549145787669e-13 4.419419328102174377e+10
5.007605332456095609e-13 4.575123319613844299e+10
5.113028353955912046e-13 4.736313039265976715e+10
5.218435385016191382e-13 4.903181759003233337e+10
5.323676089371765084e-13 5.075929560084117889e+10
5.428593162835171325e-13 5.254763572985211945e+10
5.533022523307404723e-13 5.439898225757636261e+10
5.636793554370526185e-13 5.631555501133553314e+10
5.739729405574707883e-13 5.829965202691006470e+10
5.841647352298036321e-13 6.035365230396217346e+10
5.942359217755706779e-13 6.248001865853709412e+10
6.041671859360625118e-13 6.468130067606304932e+10
6.139387721185737975e-13 6.696013776839080811e+10
6.235305453744928364e-13 6.931926233853813171e+10
6.329220601691808019e-13 7.176150305693359375e+10
6.420926359331747707e-13 7.428978825308851624e+10
6.510214393052003246e-13 7.690714942676332092e+10
6.596875728898927544e-13 7.961672488283886719e+10
6.680701702573586451e-13 8.242176349425032043e+10
6.761484968083086059e-13 8.532562859749609375e+10
6.839020560182817088e-13 8.833180202539247131e+10
6.913107004585907793e-13 9.144388828190943909e+10
6.983547468714070976e-13 9.466561886409317017e+10
7.050150944536732716e-13 9.800085673625764465e+10
7.112733453812749586e-13 1.014536009618098602e+11
7.171119264835850432e-13 1.050279914982628632e+11
7.225142108618001254e-13 1.087283141611852112e+11
7.274646381354799540e-13 1.125590057630390778e+11
7.319488319036914527e-13 1.165246594330691528e+11
7.359537129236790742e-13 1.206300301246206055e+11
7.394676064447349063e-13 1.248800403164895172e+11
7.424803420917119685e-13 1.292797859151417236e+11
7.449833446751379356e-13 1.338345423648777924e+11
7.469697143167519987e-13 1.385497709732700806e+11
7.484342943238009408e-13 1.434311254594555054e+11
7.493737253254602263e-13 1.484844587331367493e+11
7.497864843025226095e-13 1.537158299124194946e+11
7.496729072985074034e-13 1.591315115889014282e+11
7.490351947970700584e-13 1.647379973487213745e+11
7.478773989864417757e-13 1.705420095585901489e+11
7.462053924046836044e-13 1.765505074261363220e+11
7.440268177665298030e-13 1.827706953442320251e+11
7.413510191087163329e-13 1.892100315293053284e+11
7.381889547496445288e-13 1.958762369639938660e+11
7.345530929331836858e-13 2.027773046548653564e+11
7.304572914061192647e-13 2.099215092163047485e+11
7.259166625536900930e-13 2.173174167920560913e+11
7.209474260762984946e-13 2.249738953263208313e+11
7.155667515206078683e-13 2.329001251967232666e+11
7.097925932673599344e-13 2.411056102218949585e+11
7.036435208140844523e-13 2.496001890568768311e+11
6.971385473619141983e-13 2.583940469899987793e+11
6.902969598117724253e-13 2.674977281553869324e+11
6.831381532880559581e-13 2.769221481757391968e+11
6.756814732318941180e-13 2.866786072505256958e+11
6.679460679384437799e-13 2.967788037053125000e+11
6.599507541543753416e-13 3.072348480184508057e+11
6.517138980072925072e-13 3.180592773419511108e+11
6.432533131168824669e-13 3.292650705339554443e+11
6.345861772505202873e-13 3.408656637208267212e+11
6.257289683497595032e-13 3.528749664075210571e+11
6.166974201876925242e-13 3.653073781555578613e+11
6.075064973417801812e-13 3.781778058485802002e+11
5.981703886050754192e-13 3.915016815662158203e+11
5.887025174336744784e-13 4.052949810876641235e+11
5.791155675615679720e-13 4.195742430471973267e+11
5.694215215255358621e-13 4.343565887645455933e+11
5.596317095485889676e-13 4.496597427739381104e+11
5.497568660425914897e-13 4.655020540764226074e+11
5.398071909157173245e-13 4.819025181409417725e+11
5.297924129092430506e-13 4.988807996805422974e+11
5.197218523358922030e-13 5.164572562310349731e+11
5.096044808380465172e-13 5.346529625603709106e+11
4.994489761131153735e-13 5.534897359380030518e+11
4.892637699458170371e-13 5.729901622945345459e+11
4.790570883210028248e-13 5.931776233030133057e+11
4.688369828426554131e-13 6.140763244143526611e+11
4.586113531319387198e-13 6.357113238804908447e+11
4.483879602985091919e-13 6.581085628000816650e+11
4.381744319567189758e-13 6.812948962227546387e+11
4.279782595779329556e-13 7.052981253492307129e+11
4.178067892226570686e-13 7.301470308659041748e+11
4.076672068772074997e-13 7.558714074538659668e+11
3.975665197295386593e-13 7.825020995137327881e+11
3.875115347619563517e-13 8.100710381491324463e+11
3.775088360223991629e-13 8.386112794531835938e+11
3.675647618704966955e-13 8.681570441438684082e+11
3.576853833904966171e-13 8.987437585958376465e+11
3.478764850312305094e-13 9.304080973178363037e+11
3.381435483834457763e-13 9.631880269266823730e+11
3.284917398455086842e-13 9.971228516705336914e+11
3.189259027662229230e-13 1.032253260556009399e+12
3.094505544928662560e-13 1.068621376135692017e+12
3.000698885963382252e-13 1.106270805014502686e+12
2.907877823948386649e-13 1.145246690135491455e+12
2.816078097530849480e-13 1.185595764907765625e+12
2.725332589955892715e-13 1.227366409241428955e+12
2.635671556397080535e-13 1.270608707556737061e+12
2.547122895272146935e-13 1.315374508837021729e+12
2.459712458127527962e-13 1.361717488797373291e+12
2.373464391551457509e-13 1.409693214243649170e+12
2.288401503553802960e-13 1.459359209698964355e+12
2.204545645958829560e-13 1.510775026377538574e+12
2.121918103626695417e-13 1.564002313588627686e+12
2.040539980784073957e-13 1.619104892656139648e+12
1.960432574435660400e-13 1.676148833442562012e+12
1.881617724774495553e-13 1.735202533568979492e+12
1.804118132731298292e-13 1.796336800426132080e+12
1.727957635313384037e-13 1.859624936074884033e+12
1.653161430184237168e-13 1.925142825137888916e+12
1.579756242014887871e-13 1.992969025787816406e+12
1.507770424475431368e-13 2.063184863941275635e+12
1.437233993294650865e-13 2.135874530771346680e+12
1.368178587551514384e-13 2.211125183655652344e+12
1.300637358218684797e-13 2.289027050681021973e+12
1.234644784891908985e-13 2.369673538830015625e+12
1.170236423542428522e-13 2.453161345979073242e+12
1.107448589953625511e-13 2.539590576842557617e+12
1.046317985181221350e-13 2.629064863001690430e+12
9.868812708479007372e-14 2.721691487162344238e+12
9.291746032971922045e-14 2.817581511790647461e+12
8.732331365488202221e-14 2.916849912280645020e+12
8.190905045945442256e-14 3.019615714813711914e+12
7.667782938416718368e-14 3.126002139074966309e+12
7.163255164591053214e-14 3.236136745997862305e+12
6.677580950319952593e-14 3.350151590714089355e+12
6.210983683231288268e-14 3.468183380892136719e+12
5.763646271202229432e-14 3.590373640654439941e+12
5.335706881736486388e-14 3.716868880269608887e+12
4.927255131565968344e-14 3.847820771823199707e+12
4.538328784658612348e-14 3.983386331077717285e+12
4.168911005771866109e-14 4.123728105739814941e+12
3.818928206159795374e-14 4.269014370360526367e+12
3.488248508321857719e-14 4.419419328102171875e+12
3.176680847936125642e-14 4.575123319613843750e+12
2.883974723377955546e-14 4.736313039265976562e+12
2.609820596389110538e-14 4.903181759003233398e+12
2.353850941327576233e-14 5.075929560084115234e+12
2.115641934716716032e-14 5.254763572985212891e+12
1.894715771208384198e-14 5.439898225757635742e+12
1.690543586263415368e-14 5.631555501133546875e+12
1.502548959563809578e-14 5.829965202691003906e+12
1.330111966207165872e-14 6.035365230396217773e+12
1.172573735004316014e-14 6.248001865853708984e+12
1.029241464736689776e-14 6.468130067606304688e+12
8.993938401901054456e-15 6.696013776839078125e+12
7.822867804521573660e-15 6.931926233853812500e+12
6.771594427365107591e-15 7.176150305693360352e+12
5.832403963597862009e-15 7.428978825308844727e+12
4.997538739793231451e-15 7.690714942676328125e+12
4.259260013509237195e-15 7.961672488283886719e+12
3.609909032070278373e-15 8.242176349425031250e+12
3.041965818429898161e-15 8.532562859749609375e+12
2.548104669823614722e-15 8.833180202539242188e+12
2.121245406843096142e-15 9.144388828190943359e+12
1.754599495087905380e-15 9.466561886409318359e+12
1.441710277425583853e-15 9.800085673625753906e+12
1.176486699074039719e-15 1.014536009618097852e+13
9.532300754641159562e-16 1.050279914982628711e+13
7.666536379071160058e-16 1.087283141611852148e+13
6.118947870725158762e-16 1.125590057630390625e+13
4.845201810034402414e-16 1.165246594330690820e+13
3.805239744080606112e-16 1.206300301246206250e+13
2.963197010345928085e-16 1.248800403164895312e+13
2.287264435670393133e-16 1.292797859151415820e+13
1.749500593637921129e-16 1.338345423648777539e+13
1.325603207776549093e-16 1.385497709732700977e+13
9.946488288170816149e-17 1.434311254594555273e+13
7.388100833191846974e-17 1.484844587331367383e+13
5.430595999981314631e-17 1.537158299124194922e+13
3.948691997712844026e-17 1.591315115889012695e+13
2.839121329373341056e-17 1.647379973487213672e+13
2.017751217170517738e-17 1.705420095585900000e+13
1.416857865534149332e-17 1.765505074261363281e+13
9.825977139097834677e-18 1.827706953442320312e+13
6.727060644971872313e-18 1.892100315293051562e+13
4.544412066683033798e-18 1.958762369639938281e+13
3.027809424174432645e-18 2.027773046548653516e+13
1.988686647105485169e-18 2.099215092163049609e+13
1.286981329048029716e-18 2.173174167920561328e+13
8.201996419699461010e-19 2.249738953263205859e+13
5.144862100977128031e-19 2.329001251967232812e+13
3.174620885998762850e-19 2.411056102218950000e+13
1.925850388611116080e-19 2.496001890568766016e+13
1.147903792721437478e-19 2.583940469899987500e+13
6.718483567309246452e-20 2.674977281553869141e+13
3.858699093920530490e-20 2.769221481757389453e+13
2.173330063301825611e-20 2.866786072505257031e+13
1.199572896844276886e-20 2.967788037053121875e+13
6.483870238907263860e-21 3.072348480184508203e+13
3.429480396968998837e-21 3.180592773419511328e+13
1.773687129471979951e-21 3.292650705339551172e+13
8.962662428807199472e-22 3.408656637208267188e+13
4.421330268175979993e-22 3.528749664075210938e+13
2.127437470671710695e-22 3.653073781555582031e+13
9.976257524325833342e-23 3.781778058485801562e+13
4.555029034520178927e-23 3.915016815662153906e+13
2.023107946680824995e-23 4.052949810876641406e+13
8.732301949900642985e-24 4.195742430471973438e+13
3.659170949973820353e-24 4.343565887645450781e+13
1.487058282715276172e-24 4.496597427739380469e+13
5.854579790469471561e-25 4.655020540764226562e+13
2.230491172101822324e-25 4.819025181409413281e+13
8.213718587254212689e-26 4.988807996805422656e+13
2.920071242163590924e-26 5.164572562310344531e+13
1.000974124232829539e-26 5.346529625603709375e+13
3.304231861386639305e-27 5.534897359380031250e+13
1.048960852994202490e-27 5.729901622945340625e+13
3.198097184714480303e-28 5.931776233030132812e+13
9.350807164412064564e-29 6.140763244143526562e+13
2.618130421845886130e-29 6.357113238804914844e+13
7.008987577768100509e-30 6.581085628000816406e+13
1.791244583762561577e-30 6.812948962227539844e+13
4.362944101868250911e-31 7.052981253492306250e+13
1.011099995323702741e-31 7.301470308659042188e+13
2.225547662731492502e-32 7.558714074538651562e+13
4.644295333940395799e-33 7.825020995137328125e+13
9.171216241088955607e-34 8.100710381491325000e+13
1.710462282820443551e-34 8.386112794531828125e+13
3.006803611777228613e-35 8.681570441438684375e+13
4.971601796753182572e-36 8.987437585958368750e+13
7.715252533176781599e-37 9.304080973178362500e+13
1.121234101571577170e-37 9.631880269266825000e+13
1.522405757193903623e-38 9.971228516705326562e+13
1.926693992344015330e-39 1.032253260556009375e+14
2.267080183642660000e-40 1.068621376135692031e+14
2.473879337448897735e-41 1.106270805014503750e+14
2.496859263760717517e-42 1.145246690135491562e+14
2.324445208934936794e-43 1.185595764907764219e+14
1.990297368117520738e-44 1.227366409241428750e+14
1.562824384467329956e-45 1.270608707556737031e+14
1.121943539430412988e-46 1.315374508837020312e+14
7.340553640457816014e-48 1.361717488797373281e+14
4.362783638505095331e-49 1.409693214243649062e+14
2.347500026235101435e-50 1.459359209698962812e+14
1.139548576856156384e-51 1.510775026377538438e+14
4.972445246046783542e-53 1.564002313588626250e+14
1.943060055904179282e-54 1.619104892656139375e+14
6.773188242940059927e-56 1.676148833442561875e+14
2.097697940662877483e-57 1.735202533568977812e+14
5.748125472849079926e-59 1.796336800426132188e+14
1.387617786810956197e-60 1.859624936074884062e+14
2.937884122830898382e-62 1.925142825137890625e+14
5.430167010623888991e-64 1.992969025787816250e+14
8.720215971706966187e-66 2.063184863941273750e+14
1.210668979787689243e-67 2.135874530771346562e+14
1.445707721285617178e-69 2.211125183655652188e+14
1.477021516005336643e-71 2.289027050681019688e+14
1.283977665754387902e-73 2.369673538830015625e+14
9.443248951301471573e-76 2.453161345979073125e+14
5.841450065621208220e-78 2.539590576842554688e+14
3.020695652919429128e-80 2.629064863001690312e+14
1.297594086002319631e-82 2.721691487162341562e+14
4.600216318471735030e-85 2.817581511790647500e+14
1.336863589866180172e-87 2.916849912280645000e+14
3.162450974989580006e-90 3.019615714813708750e+14
6.045603138252557095e-93 3.126002139074966250e+14
9.269897229409403002e-96 3.236136745997862500e+14
1.131241000043397936e-98 3.350151590714093125e+14
1.089900567210941670e-101 3.468183380892136250e+14
8.221549120872689131e-105 3.590373640654436875e+14
4.814060739640979605e-108 3.716868880269608750e+14
2.168626696213800834e-111 3.847820771823200000e+14
7.446650978424743408e-115 3.983386331077712500e+14
1.930573949992325282e-118 4.123728105739815000e+14
3.741631928011433259e-122 4.269014370360526250e+14
5.365785387147803749e-126 4.419419328102167500e+14
5.633713380968308718e-130 4.575123319613844375e+14
4.283262092837912484e-134 4.736313039265972500e+14
2.331493226317649262e-138 4.903181759003233125e+14
8.979670977309064668e-143 5.075929560084115625e+14
2.417466495610678830e-147 5.254763572985207500e+14
4.492155818026132057e-152 5.439898225757636250e+14
5.686839254126300165e-157 5.631555501133547500e+14
4.838787118503316891e-162 5.829965202691010000e+14
2.728803344687812521e-167 6.035365230396217500e+14
1.005274519404463735e-172 6.248001865853702500e+14
2.383189890330431373e-178 6.468130067606305000e+14
3.579723158748254678e-184 6.696013776839078750e+14
3.352545723783851669e-190 6.931926233853806250e+14
1.925334119073291653e-196 7.176150305693361250e+14
6.664393317508358309e-203 7.428978825308843750e+14
1.365814113238246530e-209 7.690714942676321250e+14
1.626969655734935994e-216 7.961672488283886250e+14
1.105152131729176625e-223 8.242176349425023750e+14
4.196863166752694424e-231 8.532562859749608750e+14
8.729517849493156618e-239 8.833180202539242500e+14
9.736604019904105994e-247 9.144388828190933750e+14
5.696933435471562968e-255 9.466561886409318750e+14
1.709305942217003354e-263 9.800085673625753750e+14
2.568764720009874013e-272 1.014536009618099000e+15
1.887015774326388898e-281 1.050279914982628625e+15
6.607261506761268198e-291 1.087283141611851000e+15
1.074297224921236065e-300 1.125590057630390625e+15
7.894910019808970802e-311 1.165246594330690750e+15
2.549378732540832168e-321 1.206300301246205000e+15
0.000000000000000000e+00 1.248800403164895250e+15
0.000000000000000000e+00 1.292797859151415750e+15
0.000000000000000000e+00 1.338345423648776000e+15
0.000000000000000000e+00 1.385497709732701000e+15
0.000000000000000000e+00 1.434311254594553750e+15
0.000000000000000000e+00 1.484844587331367500e+15
