1.195448808402404287e-11 3.184653807032407080e+00
1.673213160825315844e-11 3.296854816378747000e+00
2.372977854301017666e-11 3.413008866545579778e+00
3.394148397391204016e-11 3.533255230181335360e+00
4.880151959996001787e-11 3.657738086757194917e+00
7.038946804985862668e-11 3.786606695443153647e+00
1.016736111931182580e-10 3.920015574074838582e+00
1.469285928261596568e-10 4.058124684425649775e+00
2.122660687289181596e-10 4.201099624006333855e+00
3.064289363549095983e-10 4.349111824622036160e+00
4.418786663951462682e-10 4.502338757924847279e+00
6.363588557522550370e-10 4.660964148208330826e+00
9.150658214452063492e-10 4.825178192699214108e+00
1.313696953178725415e-09 4.995177789610280250e+00
1.882721021793348126e-09 5.171166774228027840e+00
2.693314691361940558e-09 5.353356163318111705e+00
3.845603871224513625e-09 5.541964408141573983e+00
5.480086042371346061e-09 5.737217656385348086e+00
7.793392311955158694e-09 5.939350023320995042e+00
1.105996032791506268e-08 6.148603872516862801e+00
1.566175442518654389e-08 6.365230106440249891e+00
2.212886937335636743e-08 6.589488467297945462e+00
3.119478987886294125e-08 6.821647848475967280e+00
4.387132741515062492e-08 7.061986616951879014e+00
6.154984863459367918e-08 7.310792947066203418e+00
8.613746363379229459e-08 7.568365166053266258e+00
1.202394834435107399e-07 7.835012111745663255e+00
1.674028666816125715e-07 8.111053502881302890e+00
2.324395291071872757e-07 8.396820322457053010e+00
3.218538627809803853e-07 8.692655214588532075e+00
4.444053040670066645e-07 8.998912895352074059e+00
6.118450891564697385e-07 9.315960578101355694e+00
8.398762726281420611e-07 9.644178413768619507e+00
1.149398176678292665e-06 9.983959946678583108e+00
1.568110994014917875e-06 1.033571258642143498e+01
2.132573297847922053e-06 1.069985809635073970e+01
2.890825339195953064e-06 1.107683309929207205e+01
3.905714017390912546e-06 1.146708960106852082e+01
5.259081614282658049e-06 1.187109553247105964e+01
7.057009572150556654e-06 1.228933531032347481e+01
9.436340418864169746e-06 1.272231041831450860e+01
1.257273495536703524e-05 1.317054000829386773e+01
1.669055693213349236e-05 1.363456152275290911e+01
2.207491241593066391e-05 1.411493133923639753e+01
2.908620415637882333e-05 1.461222543745813951e+01
3.817759003082293043e-05 1.512704008992010607e+01
4.991575652944047159e-05 1.565999257686345913e+01
6.500542964181727293e-05 1.621172192640854703e+01
8.431804288168011472e-05 1.678288968077121979e+01
1.089249612427041974e-04 1.737418068947445704e+01
1.401356164068936257e-04 1.798630393050618892e+01
1.795408381872313250e-04 1.861999336040793196e+01
2.290615661393330534e-04 1.927600879431367176e+01
2.910029903325828159e-04 1.995513681699388187e+01
3.681139992752688588e-04 2.065819172599742615e+01
4.636516056261981000e-04 2.138601650802200993e+01
5.814497778931489256e-04 2.213948384968372096e+01
7.259918329108197912e-04 2.291949718389799173e+01
9.024852458829982780e-04 2.372699177312628294e+01
1.116937421817029577e-03 2.456293583078752718e+01
1.376230656358898427e-03 2.542833168217894979e+01
1.688194210415708578e-03 2.632421696629798546e+01
2.061671148526090895e-03 2.725166588000672263e+01
2.506577364305441567e-03 2.821179046603047524e+01
3.033950056363347685e-03 2.920574194633461573e+01
3.655982843476580143e-03 3.023471210247885921e+01
4.386044734813255783e-03 3.129993470460378902e+01
5.238680312992352421e-03 3.240268699076311520e+01
6.229588753594945440e-03 3.354429119837554651e+01
7.375579697396879124e-03 3.472611614963216908e+01
8.694504507947975816e-03 3.594957889276079754e+01
1.020516207673593384e-02 3.721614640111494765e+01
1.192717906382790780e-02 3.852733733212460265e+01
1.388086525937864621e-02 3.988472384821800887e+01
1.608704559102352299e-02 4.128993350189779932e+01
1.856687114933915431e-02 4.274465118723174584e+01
2.134161242095361857e-02 4.425062116009787871e+01
2.443243866814154980e-02 4.580964912960646274e+01
2.786018803747622799e-02 4.742360442320649838e+01
3.164513348428317496e-02 4.909442222807287948e+01
3.580674993521951871e-02 5.082410591146142309e+01
4.036348825630833859e-02 5.261472942281417176e+01
4.533256153469063937e-02 5.446843978049518853e+01
5.072974891489298588e-02 5.638745964613850248e+01
5.656922176050371148e-02 5.837408998969483065e+01
6.286339625530511233e-02 6.043071284837254353e+01
6.962281573921981492e-02 6.255979418278118942e+01
7.685606512686467273e-02 6.476388683370204546e+01
8.456971871982778277e-02 6.704563358303076370e+01
9.276832164189284524e-02 6.940777032256251289e+01
1.014544040456338420e-01 7.185312933441919370e+01
1.106285262048058576e-01 7.438464268705180871e+01
1.202893516628308068e-01 7.700534575089008626e+01
1.304337447912243819e-01 7.971838083785451090e+01
1.410568884540223111e-01 8.252700096909507010e+01
1.521524169974893537e-01 8.543457377547404974e+01
1.637125595018280588e-01 8.844458553546972723e+01
1.757282881466796787e-01 9.156064535534245863e+01
1.881894666491396306e-01 9.478648949657568323e+01
2.010849940175484518e-01 9.812598585578031418e+01
2.144029393048481058e-01 1.015831386024340048e+02
2.281306636148429934e-01 1.051620929800161690e+02
2.422549262820319904e-01 1.088671402762955580e+02
2.567619728778340882e-01 1.127027229687302423e+02
2.716376034594960021e-01 1.166734400511487024e+02
2.868672202406791771e-01 1.207840525480992540e+02
3.024358545953721999e-01 1.250394892234803876e+02
3.183281739839190494e-01 1.294448524902960287e+02
3.345284699911404980e-01 1.340054245286216883e+02
3.510206291765554099e-01 1.387266736191176051e+02
3.677880888462398690e-01 1.436142606996830295e+02
3.848137801608947361e-01 1.486740461531128972e+02
4.020800611967872973e-01 1.539120968338956743e+02
4.195686426809447922e-01 1.593346933425776513e+02
4.372605091390424081e-01 1.649483375564162770e+02
4.551358381356385152e-01 1.707597604253517147e+02
4.731739201653006877e-01 1.767759300426443474e+02
4.913530815836971155e-01 1.830040599998547464e+02
5.096506127632389749e-01 1.894516180361850104e+02
5.280427034306964806e-01 1.961263349925517048e+02
5.465043869051252612e-01 2.030362140811263032e+02
5.650094947122987765e-01 2.101895404814580957e+02
5.835306228138962270e-01 2.175948912746856649e+02
6.020391104615370192e-01 2.252611457277487261e+02
6.205050324715649657e-01 2.331974959399302918e+02
6.388972055194712674e-01 2.414134578644953137e+02
6.571832088750556577e-01 2.499188827186419530e+02
6.753294198422966632e-01 2.587239687954455576e+02
6.933010640318305606e-01 2.678392736919581694e+02
7.110622804785571294e-01 2.772757269681250705e+02
7.285762015208481213e-01 2.870446432516986306e+02
7.458050472786854623e-01 2.971577358048612041e+02
7.627102345024805441e-01 3.076271305688237589e+02
7.792524995079932459e-01 3.184653807032407258e+02
7.953920348606929869e-01 3.296854816378743749e+02
8.110886394197095450e-01 3.413008866545576439e+02
8.263018812917772848e-01 3.533255230181335378e+02
8.409912731741732150e-01 3.657738086757195219e+02
8.551164594781284212e-01 3.786606695443153967e+02
8.686374145172650607e-01 3.920015574074838582e+02
8.815146509170034284e-01 4.058124684425649775e+02
8.937094372499019279e-01 4.201099624006334921e+02
9.051840237293060643e-01 4.349111824622032145e+02
9.159018746015337165e-01 4.502338757924842412e+02
9.258279056687560571e-01 4.660964148208331039e+02
9.349287251554949663e-01 4.825178192699214605e+02
9.431728759070350243e-01 4.995177789610280570e+02
9.505310766848291681e-01 5.171166774228026952e+02
9.569764601095781531e-01 5.353356163318110248e+02
9.624848046049206962e-01 5.541964408141574268e+02
9.670347575218634084e-01 5.737217656385341797e+02
9.706080464843449551e-01 5.939350023320989749e+02
9.731896758977710560e-01 6.148603872516862339e+02
9.747681055126095062e-01 6.365230106440249074e+02
9.753354079411643562e-01 6.589488467297945817e+02
9.748874020935297535e-01 6.821647848475967066e+02
9.734237596333092934e-01 7.061986616951878659e+02
9.709480817584659196e-01 7.310792947066204306e+02
9.674679438893886152e-01 7.568365166053258690e+02
9.629949061948394062e-01 7.835012111745655830e+02
9.575444883046932976e-01 8.111053502881304667e+02
9.511361070418934416e-01 8.396820322457052725e+02
9.437929765481649635e-01 8.692655214588532999e+02
9.355419707696693843e-01 8.998912895352075338e+02
9.264134488987409988e-01 9.315960578101356759e+02
9.164410450226613269e-01 9.644178413768619293e+02
9.056614238948942353e-01 9.983959946678572805e+02
8.941140054014963257e-01 1.033571258642142311e+03
8.818406609277886776e-01 1.069985809635074020e+03
8.688853854193778758e-01 1.107683309929207098e+03
8.552939494591893510e-01 1.146708960106851919e+03
8.411135361308754721e-01 1.187109553247105850e+03
8.263923677930941070e-01 1.228933531032347446e+03
8.111793281352867035e-01 1.272231041831450966e+03
7.955235850133272058e-01 1.317054000829385586e+03
7.794742195660896433e-01 1.363456152275289469e+03
7.630798669889516939e-01 1.411493133923640016e+03
7.463883740894355912e-01 1.461222543745813937e+03
7.294464783799550212e-01 1.512704008992010813e+03
7.122995129838272099e-01 1.565999257686345800e+03
6.949911410581129934e-01 1.621172192640854519e+03
6.775631227887117802e-01 1.678288968077121808e+03
6.600551173101538716e-01 1.737418068947443999e+03
6.425045211670848966e-01 1.798630393050617158e+03
6.249463441891739413e-01 1.861999336040793423e+03
6.074131229181531921e-01 1.927600879431366820e+03
5.899348710252091399e-01 1.995513681699387917e+03
5.725390655064533929e-01 2.065819172599742160e+03
5.552506668578758298e-01 2.138601650802200766e+03
5.380921709192098001e-01 2.213948384968372466e+03
5.210836896447383904e-01 2.291949718389796544e+03
5.042430577106234990e-01 2.372699177312626034e+03
4.875859616018805576e-01 2.456293583078752818e+03
4.711260876339555259e-01 2.542833168217895036e+03
4.548752852486314113e-01 2.632421696629798589e+03
4.388437418752876851e-01 2.725166588000672164e+03
4.230401656599702132e-01 2.821179046603047937e+03
4.074719724305584378e-01 2.920574194633461957e+03
3.921454733817121840e-01 3.023471210247882937e+03
3.770660601248422283e-01 3.129993470460376102e+03
3.622383839534871197e-01 3.240268699076311805e+03
3.476665264214192641e-01 3.354429119837554481e+03
3.333541586177168337e-01 3.472611614963217107e+03
3.193046868474151978e-01 3.594957889276078731e+03
3.055213827843379915e-01 3.721614640111495191e+03
2.920074965486109675e-01 3.852733733212460265e+03
2.787663515672527126e-01 3.988472384821796823e+03
2.658014204922182766e-01 4.128993350189777630e+03
2.531163818646554597e-01 4.274465118723174783e+03
2.407151576143208849e-01 4.425062116009788042e+03
2.286019318564966318e-01 4.580964912960646870e+03
2.167811517838329205e-01 4.742360442320647053e+03
2.052575117379726033e-01 4.909442222807287180e+03
1.940359217794050961e-01 5.082410591146142906e+03
1.831214622511939949e-01 5.261472942281411633e+03
1.725193259545653723e-01 5.446843978049516409e+03
1.622347496270637179e-01 5.638745964613850447e+03
1.522729364454881162e-01 5.837408998969483036e+03
1.426389712767682227e-01 6.043071284837255007e+03
1.333377303818055748e-01 6.255979418278117009e+03
1.243737872512844234e-01 6.476388683370205399e+03
1.157513162279921459e-01 6.704563358303076711e+03
1.074739955539788655e-01 6.940777032256244638e+03
9.954491147615973645e-02 7.185312933441915447e+03
9.196646505008224115e-02 7.438464268705180984e+03
8.474028329421245953e-02 7.700534575089008285e+03
7.786713635878364514e-02 7.971838083785452000e+03
7.134686237420161115e-02 8.252700096909502463e+03
6.517830162335359889e-02 8.543457377547405486e+03
5.935924162911852126e-02 8.844458553546972325e+03
5.388637465343253108e-02 9.156064535534236711e+03
4.875526896031818352e-02 9.478648949657563207e+03
4.396035499833395727e-02 9.812598585578030907e+03
3.949492740760342929e-02 1.015831386024340100e+04
3.535116345636695606e-02 1.051620929800161684e+04
3.152015816885973820e-02 1.088671402762954858e+04
2.799197603040605789e-02 1.127027229687302497e+04
2.475571875953526402e-02 1.166734400511486820e+04
2.179960823491598754e-02 1.207840525480991164e+04
1.911108327205948698e-02 1.250394892234803410e+04
1.667690857608199878e-02 1.294448524902960344e+04
1.448329386658424311e-02 1.340054245286216792e+04
1.251602089170466940e-02 1.387266736191176096e+04
1.076057583143643671e-02 1.436142606996829454e+04
9.202284443827930815e-03 1.486740461531128858e+04
7.826447237535841955e-03 1.539120968338956845e+04
6.618471963407682526e-03 1.593346933425775205e+04
5.564000806552365196e-03 1.649483375564161906e+04
4.649029826100269623e-03 1.707597604253517056e+04
3.860018427234371795e-03 1.767759300426443224e+04
3.183986951208810697e-03 1.830040599998547623e+04
2.608600823741217146e-03 1.894516180361849183e+04
2.122240098129098661e-03 1.961263349925517105e+04
1.714053652815492089e-03 2.030362140811263089e+04
1.373997738860532501e-03 2.101895404814578433e+04
1.092859005206827001e-03 2.175948912746855422e+04
8.622625431201018766e-04 2.252611457277487352e+04
6.746658708213849106e-04 2.331974959399303043e+04
5.233401116007544221e-04 2.414134578644952853e+04
4.023398922133449647e-04 2.499188827186417984e+04
3.064636944185255402e-04 2.587239687954455803e+04
2.312065256424738243e-04 2.678392736919581876e+04
1.727068329473049435e-04 2.772757269681247999e+04
1.276895694250152001e-04 2.870446432516985078e+04
9.340723895494218649e-05 2.971577358048612223e+04
6.758060227921535140e-05 3.076271305688237771e+04
4.834053546787722027e-05 3.184653807032406621e+04
3.417230383252559676e-05 3.296854816378743271e+04
2.386326398554021642e-05 3.413008866545573255e+04
1.645474792491542998e-05 3.533255230181335355e+04
1.119862888399492371e-05 3.657738086757191195e+04
7.518830811587413933e-06 3.786606695443153876e+04
4.977831169689910769e-06 3.920015574074838514e+04
3.248027102649438713e-06 4.058124684425645682e+04
2.087692024091965132e-06 4.201099624006333761e+04
1.321144639548768695e-06 4.349111824622032145e+04
8.226842483007223286e-07 4.502338757924846868e+04
5.038116611552198460e-07 4.660964148208331608e+04
3.032495148485017582e-07 4.825178192699209467e+04
1.792934942855625549e-07 4.995177789610280161e+04
1.040609539933902840e-07 5.171166774228028225e+04
5.924976415492962712e-08 5.353356163318105973e+04
3.307255253811490672e-08 5.541964408141573949e+04
1.808537224709832968e-08 5.737217656385341979e+04
9.681697792369549910e-09 5.939350023320983018e+04
5.070076783000946803e-09 6.148603872516862612e+04
2.595252641419266446e-09 6.365230106440243253e+04
1.297472366793987614e-09 6.589488467297946045e+04
6.330076458558179392e-10 6.821647848475967476e+04
3.011191886878064303e-10 7.061986616951871838e+04
1.395402998611783449e-10 7.310792947066204215e+04
6.293497916535701803e-11 7.568365166053258872e+04
2.759949395198696924e-11 7.835012111745662696e+04
1.175702624904528725e-11 8.111053502881304303e+04
4.860006301406826107e-12 8.396820322457043221e+04
1.947417779316338421e-12 8.692655214588533272e+04
7.555933954826425354e-13 8.998912895352074702e+04
2.835508097958597932e-13 9.315960578101346618e+04
1.027961784046287153e-13 9.644178413768619066e+04
3.595820687620805920e-14 9.983959946678573033e+04
1.212124109729105985e-14 1.033571258642141329e+05
3.932402046066186719e-15 1.069985809635073965e+05
1.226151978493703879e-15 1.107683309929206007e+05
3.669436797325337329e-16 1.146708960106852028e+05
1.052434342440940629e-16 1.187109553247106087e+05
2.888555660480595547e-17 1.228933531032346364e+05
7.575011992962125491e-18 1.272231041831450857e+05
1.894984965551092858e-18 1.317054000829385477e+05
4.514675297549507312e-19 1.363456152275291097e+05
1.022583091361384380e-19 1.411493133923640125e+05
2.198106538998654845e-20 1.461222543745812436e+05
4.475858812054046735e-21 1.512704008992010495e+05
8.616934448852468214e-22 1.565999257686345954e+05
1.565380909209147649e-22 1.621172192640852882e+05
2.677872814676904899e-23 1.678288968077121826e+05
4.304701820351923614e-24 1.737418068947443971e+05
6.488249865488077887e-25 1.798630393050615385e+05
9.148671611684760451e-26 1.861999336040793278e+05
1.203966464836169029e-26 1.927600879431365174e+05
1.475164928614649218e-27 1.995513681699387962e+05
1.678585071619567630e-28 2.065819172599742597e+05
1.769257147434442819e-29 2.138601650802198565e+05
1.722708302299360840e-30 2.213948384968372120e+05
1.545228830777153396e-31 2.291949718389796617e+05
1.273146777868104992e-32 2.372699177312628308e+05
9.606581572837397803e-34 2.456293583078752563e+05
6.617871255110869379e-35 2.542833168217891944e+05
4.148906949448982113e-36 2.632421696629798389e+05
2.359243879839095630e-37 2.725166588000672054e+05
1.212670327838340772e-38 2.821179046603044844e+05
5.614328836913788971e-40 2.920574194633461884e+05
2.332588215255332230e-41 3.023471210247882991e+05
8.663772248912727862e-43 3.129993470460372628e+05
2.865430771642470925e-44 3.240268699076311314e+05
8.404493908695911618e-46 3.354429119837551261e+05
2.176878713994277807e-47 3.472611614963216707e+05
4.957416848451160354e-49 3.594957889276078786e+05
9.881108681906614093e-51 3.721614640111491317e+05
1.715718557762598133e-52 3.852733733212460065e+05
2.582651610202906052e-54 3.988472384821796441e+05
3.353357921864830482e-56 4.128993350189781631e+05
3.736166510375776664e-58 4.274465118723174674e+05
3.552736404376209027e-60 4.425062116009783931e+05
2.867252344515211072e-62 4.580964912960646325e+05
1.952654110257983540e-64 4.742360442320646835e+05
1.115431952226333012e-66 4.909442222807283397e+05
5.311651193642671409e-69 5.082410591146142688e+05
2.095078538830790525e-71 5.261472942281411961e+05
6.799435349699581094e-74 5.446843978049509460e+05
1.803279731060820263e-76 5.638745964613850228e+05
3.880447952655474745e-79 5.837408998969476670e+05
6.725600899565857534e-82 6.043071284837254789e+05
9.317514494072364310e-85 6.255979418278116500e+05
1.023673499237116879e-87 6.476388683370198123e+05
8.846411460578840390e-91 6.704563358303076820e+05
5.962714116911873471e-94 6.940777032256245147e+05
3.107345134895678209e-97 7.185312933441923233e+05
1.240701075723512107e-100 7.438464268705181312e+05
3.760120825333746110e-104 7.700534575089000864e+05
8.565932722524598201e-108 7.971838083785452181e+05
1.452172943377736825e-111 8.252700096909503918e+05
1.813057513016356416e-115 8.543457377547395881e+05
1.649201883549030554e-119 8.844458553546972107e+05
1.080835506984843493e-123 9.156064535534237511e+05
5.044902173580187586e-128 9.478648949657554040e+05
1.657144405778066522e-132 9.812598585578032071e+05
3.783611715471952878e-137 1.015831386024339125e+06
5.928244512313260763e-142 1.051620929800161626e+06
6.290101589805991417e-147 1.088671402762955055e+06
4.457967520596076008e-152 1.127027229687301442e+06
2.080603759061090626e-157 1.166734400511486921e+06
6.301197746471546877e-163 1.207840525480991229e+06
1.219609792086716278e-168 1.250394892234804807e+06
1.485020456504012768e-174 1.294448524902960286e+06
1.119092634616978046e-180 1.340054245286215562e+06
5.131923591533550702e-187 1.387266736191176111e+06
1.407261120390331498e-193 1.436142606996829621e+06
2.266113264070348307e-200 1.486740461531127337e+06
2.103080048291754895e-207 1.539120968338956824e+06
1.103227663835204610e-214 1.593346933425775031e+06
3.206124903058312861e-222 1.649483375564160291e+06
5.055509660972487003e-230 1.707597604253517231e+06
4.233148889462830960e-238 1.767759300426441710e+06
1.840736043606448735e-246 1.830040599998547463e+06
4.061841136002052559e-255 1.894516180361849256e+06
4.440978142444769823e-264 1.961263349925515009e+06
2.347003766794572573e-273 2.030362140811263351e+06
5.843929804451687451e-283 2.101895404814578593e+06
6.676317089308669279e-293 2.175948912746857852e+06
3.404777083197813498e-303 2.252611457277487498e+06
7.533888140982087669e-314 2.331974959399300627e+06
0.000000000000000000e+00 2.414134578644952737e+06
0.000000000000000000e+00 2.499188827186417766e+06
0.000000000000000000e+00 2.587239687954453286e+06
0.000000000000000000e+00 2.678392736919581890e+06
0.000000000000000000e+00 2.772757269681247883e+06
0.000000000000000000e+00 2.870446432516981848e+06
0.000000000000000000e+00 2.971577358048612252e+06
0.000000000000000000e+00 3.076271305688234512e+06
0.000000000000000000e+00 3.184653807032406796e+06
