1.016407061239492195e-14 1.948210422999686241e+09
1.030339640272480919e-14 2.016849336088741302e+09
1.044770550936440406e-14 2.087906519983878851e+09
1.059717795351123442e-14 2.161467174660277367e+09
1.075200032422952460e-14 2.237619501839555264e+09
1.091236601645718563e-14 2.316454810746617794e+09
1.107847547692688204e-14 2.398067627592522621e+09
1.125053645815095484e-14 2.482555808914620876e+09
1.142876428062700713e-14 2.570020658909854889e+09
1.161338210337929770e-14 2.660567050901936531e+09
1.180462120296437391e-14 2.754303553088020325e+09
1.200272126102782116e-14 2.851342558715651989e+09
1.220793066049429022e-14 2.951800420846101284e+09
1.242050679043525335e-14 3.055797591865611553e+09
1.264071635963770527e-14 3.163458767911909580e+09
1.286883571886532876e-14 3.274913038389112949e+09
1.310515119176446506e-14 3.390294040750293255e+09
1.334995941432179084e-14 3.509740120733326435e+09
1.360356768274627243e-14 3.633394498242126942e+09
1.386629430958475778e-14 3.761405439072169304e+09
1.413846898782543525e-14 3.893926432686222553e+09
1.442043316268280327e-14 4.031116376253404617e+09
1.471254041068610365e-14 4.173139765172291756e+09
1.501515682560734302e-14 4.320166890306498528e+09
1.532866141068889233e-14 4.472374042169173241e+09
1.565344647652826676e-14 4.629943722301330566e+09
1.598991804387126119e-14 4.793064862097381592e+09
1.633849625046869128e-14 4.961933049340289116e+09
1.669961576099366236e-14 5.136750762717974663e+09
1.707372617892319042e-14 5.317727614602105141e+09
1.746129245910664948e-14 5.505080602380463600e+09
1.786279531960821453e-14 5.699034368644188881e+09
1.827873165123194673e-14 5.899821470541840553e+09
1.870961492295500021e-14 6.107682658623332024e+09
1.915597558130682000e-14 6.322867165508008957e+09
1.961836144151530801e-14 6.545633004723006248e+09
2.009733806802868595e-14 6.776247280070256233e+09
2.059348914178045614e-14 7.014986505892970085e+09
2.110741681132413844e-14 7.262136938625739098e+09
2.163974202469889939e-14 7.517994920025742531e+09
2.219110483862889776e-14 7.782867232496523857e+09
2.276216470135402671e-14 8.057071466930528641e+09
2.335360070512659379e-14 8.340936403511375427e+09
2.396611180408576673e-14 8.634802405932420731e+09
2.460041699292676827e-14 8.939021829504438400e+09
2.525725544146353239e-14 9.253959443641521454e+09
2.593738657988101594e-14 9.579992869232034683e+09
2.664159012915448297e-14 9.917513031418891907e+09
2.737066607080803596e-14 1.026692462833202553e+10
2.812543454989265094e-14 1.062864661633520317e+10
2.890673570478851587e-14 1.100311271236893082e+10
2.971542941716060982e-14 1.139077191399176407e+10
3.055239497518421336e-14 1.179208903774367714e+10
3.141853064293832982e-14 1.220754527647678375e+10
3.231475312872161401e-14 1.263763877632194901e+10
3.324199694494059399e-14 1.308288523398294067e+10
3.420121365215322698e-14 1.354381851507419968e+10
3.519337097990959812e-14 1.402099129424388504e+10
3.621945181710205019e-14 1.451497571784952545e+10
3.728045306475715667e-14 1.502636408998089981e+10
3.837738434450709410e-14 1.555576958265280533e+10
3.951126655637318302e-14 1.610382697101903343e+10
4.068313028008102668e-14 1.667119339448934746e+10
4.189401401479270254e-14 1.725854914466200638e+10
4.314496225299873253e-14 1.786659848101638412e+10
4.443702338533300323e-14 1.849607047534403229e+10
4.577124743426267742e-14 1.914771988593050766e+10
4.714868361598161840e-14 1.982232806253614426e+10
4.857037773143245289e-14 2.052070388326101303e+10
5.003736938912783785e-14 2.124368472441710663e+10
5.155068906445795165e-14 2.199213746457101822e+10
5.311135500232480719e-14 2.276695952396078110e+10
5.472036997234333397e-14 2.356907994053316879e+10
5.637871788839493703e-14 2.439946048389170074e+10
5.808736030707482687e-14 2.525909680849107742e+10
5.984723282243016638e-14 2.614901964746066284e+10
6.165924137739147699e-14 2.707029604848847961e+10
6.352425851537481424e-14 2.802403065324759293e+10
6.544311959861254196e-14 2.901136702189895630e+10
6.741661902286498929e-14 3.003348900425891113e+10
6.944550646111856818e-14 3.109162215927526474e+10
7.153048317170199473e-14 3.218703522451404572e+10
7.367219840879801915e-14 3.332104163741890717e+10
7.587124597553152812e-14 3.449500111016725159e+10
7.812816096157950825e-14 3.571032126001125336e+10
8.044341670842975750e-14 3.696845929705866241e+10
8.281742204595988621e-14 3.827092377151725769e+10
8.525051884373410552e-14 3.961927638249771881e+10
8.774297991925510721e-14 4.101513385054389191e+10
9.029500734323981744e-14 4.246016985613551331e+10
9.290673117869443232e-14 4.395611704648796844e+10
9.557820868608149488e-14 4.550476911305513763e+10
9.830942402110291510e-14 4.710798294222630310e+10
1.011002884445619114e-13 4.876768084179588318e+10
1.039506410553417664e-13 5.048585284587580109e+10
1.068602500478492016e-13 5.226455910101392365e+10
1.098288144842855937e-13 5.410593233637969971e+10
1.128559665600408238e-13 5.601218042097874451e+10
1.159412743274462603e-13 5.798558901096275330e+10
1.190842448293114728e-13 6.002852429020887756e+10
1.222843275794195917e-13 6.214343580745442200e+10
1.255409183127694266e-13 6.433285941338891602e+10
1.288533629141991035e-13 6.659942030122512054e+10
1.322209614206566960e-13 6.894583615439494324e+10
1.356429719801317222e-13 7.137492040514402771e+10
1.391186146397739960e-13 7.388958560793237305e+10
1.426470748274872331e-13 7.649284693168614197e+10
1.462275063857986292e-13 7.918782577508757019e+10
1.498590340146419545e-13 8.197775350923785400e+10
1.535407549812699346e-13 8.486597535218066406e+10
1.572717399612260199e-13 8.785595437993223572e+10
1.610510328844874788e-13 9.095127567882719421e+10
1.648776496756378206e-13 9.415565064415847778e+10
1.687505757963573220e-13 9.747292143026638794e+10
1.726687625223734613e-13 1.009070655574120026e+11
1.766311219150693549e-13 1.044622006809590607e+11
1.806365204795891573e-13 1.081425895285824890e+11
1.846837715358574968e-13 1.119526450114233551e+11
1.887716263654912582e-13 1.158969355153193207e+11
1.928987642350729377e-13 1.199801903784542694e+11
1.970637814334784262e-13 1.242073055619953461e+11
2.012651794965635551e-13 1.285833495205164032e+11
2.055013528251845463e-13 1.331135692792470398e+11
2.097705759308832852e-13 1.378033967254342651e+11
2.140709905663176162e-13 1.426584551213594971e+11
2.184005930135073398e-13 1.476845658468205872e+11
2.227572218112142609e-13 1.528877553791641235e+11
2.271385462025629977e-13 1.582742625192363586e+11
2.315420555749029009e-13 1.638505458719170227e+11
2.359650501457972708e-13 1.696232915902056580e+11
2.404046331221824708e-13 1.755994213921460571e+11
2.448577045246983614e-13 1.817861008602014465e+11
2.493209568269662912e-13 1.881907480330307617e+11
2.537908725113134022e-13 1.948210422999686279e+11
2.582637235896595615e-13 2.016849336088739014e+11
2.627355730825882916e-13 2.087906519983876953e+11
2.672022783928214477e-13 2.161467174660277710e+11
2.716594964531357550e-13 2.237619501839555664e+11
2.761026904749725833e-13 2.316454810746618347e+11
2.805271380741714690e-13 2.398067627592522583e+11
2.849279405058321738e-13 2.482555808914620972e+11
2.893000327024452532e-13 2.570020658909855042e+11
2.936381937790874511e-13 2.660567050901933899e+11
2.979370576472630074e-13 2.754303553088016968e+11
3.021911233653395382e-13 2.851342558715651855e+11
3.063947648486477727e-13 2.951800420846101685e+11
3.105422395661923455e-13 3.055797591865612183e+11
3.146276958634673918e-13 3.163458767911909180e+11
3.186451785718948310e-13 3.274913038389112549e+11
3.225886325947576386e-13 3.390294040750292969e+11
3.264519041970027240e-13 3.509740120733322754e+11
3.302287397719146367e-13 3.633394498242124023e+11
3.339127819113843433e-13 3.761405439072169800e+11
3.374975626684435705e-13 3.893926432686222534e+11
3.409764939709756891e-13 4.031116376253404541e+11
3.443428552242180458e-13 4.173139765172291870e+11
3.475897782268100697e-13 4.320166890306498413e+11
3.507102296205776436e-13 4.472374042169173584e+11
3.536969911975438622e-13 4.629943722301325684e+11
3.565426384979926227e-13 4.793064862097376709e+11
3.592395182494960707e-13 4.961933049340289917e+11
3.617797253168489912e-13 5.136750762717974243e+11
3.641550799543172670e-13 5.317727614602105103e+11
3.663571062715037289e-13 5.505080602380463867e+11
3.683770129386553667e-13 5.699034368644189453e+11
3.702056772621241246e-13 5.899821470541840820e+11
3.718336338510731398e-13 6.107682658623326416e+11
3.732510691671638951e-13 6.322867165508001709e+11
3.744478232944187976e-13 6.545633004723006592e+11
3.754134002811941590e-13 6.776247280070256348e+11
3.761369883849453030e-13 7.014986505892968750e+11
3.766074914883759875e-13 7.262136938625739746e+11
3.768135728485478379e-13 7.517994920025742188e+11
3.767437121855242383e-13 7.782867232496523438e+11
3.763862769124465695e-13 8.057071466930521240e+11
3.757296080544455644e-13 8.340936403511367188e+11
3.747621211012220382e-13 8.634802405932421875e+11
3.734724216912414610e-13 8.939021829504438477e+11
3.718494356401924898e-13 9.253959443641520996e+11
3.698825524107256987e-13 9.579992869232033691e+11
3.675617806847211769e-13 9.917513031418892822e+11
3.648779142555385435e-13 1.026692462833202515e+12
3.618227060196072927e-13 1.062864661633519287e+12
3.583890474292476698e-13 1.100311271236891846e+12
3.545711503873599670e-13 1.139077191399176514e+12
3.503647282352254886e-13 1.179208903774367432e+12
3.457671722220944898e-13 1.220754527647678223e+12
3.407777196631331638e-13 1.263763877632194824e+12
3.353976099021684526e-13 1.308288523398293945e+12
3.296302242063242499e-13 1.354381851507419922e+12
3.234812058365084874e-13 1.402099129424386963e+12
3.169585567625556398e-13 1.451497571784951172e+12
3.100727078223502939e-13 1.502636408998089844e+12
3.028365595541277520e-13 1.555576958265280762e+12
2.952654914501860036e-13 1.610382697101903320e+12
2.873773379746956095e-13 1.667119339448934570e+12
2.791923303415344808e-13 1.725854914466200928e+12
2.707330037412286703e-13 1.786659848101638672e+12
2.620240704189364003e-13 1.849607047534401367e+12
2.530922597173219884e-13 1.914771988593048828e+12
2.439661268888854617e-13 1.982232806253614502e+12
2.346758331328946407e-13 2.052070388326101074e+12
2.252528999055833283e-13 2.124368472441710693e+12
2.157299410742386117e-13 2.199213746457100586e+12
2.061403769247020978e-13 2.276695952396078125e+12
1.965181343791462157e-13 2.356907994053316406e+12
1.868973380312807239e-13 2.439946048389167480e+12
1.773119967568596308e-13 2.525909680849106445e+12
1.677956907084750024e-13 2.614901964746066406e+12
1.583812634574461094e-13 2.707029604848848145e+12
1.491005239063811658e-13 2.802403065324759766e+12
1.399839623695062914e-13 2.901136702189894043e+12
1.310604849113291880e-13 3.003348900425890625e+12
1.223571696559984718e-13 3.109162215927526855e+12
1.138990483391916798e-13 3.218703522451401367e+12
1.057089158818953467e-13 3.332104163741889160e+12
9.780717023221028892e-14 3.449500111016725098e+12
9.021168415929189425e-14 3.571032126001125000e+12
8.293771010531072841e-14 3.696845929705866699e+12
7.599781861976935864e-14 3.827092377151723633e+12
6.940187032856007852e-14 3.961927638249771973e+12
6.315702084026977066e-14 4.101513385054389160e+12
5.726775747596742982e-14 4.246016985613546875e+12
5.173596623620690701e-14 4.395611704648794922e+12
4.656102699848157266e-14 4.550476911305513672e+12
4.173993457589867722e-14 4.710798294222629883e+12
3.726744296699073530e-14 4.876768084179588867e+12
3.313622988842177970e-14 5.048585284587577148e+12
2.933707850569883541e-14 5.226455910101391602e+12
2.585907315873975621e-14 5.410593233637969727e+12
2.268980581475905048e-14 5.601218042097869141e+12
1.981558996517210954e-14 5.798558901096272461e+12
1.722167871073692591e-14 6.002852429020886719e+12
1.489248384516473335e-14 6.214343580745442383e+12
1.281179284820021557e-14 6.433285941338891602e+12
1.096298083229354954e-14 6.659942030122507812e+12
9.329214651492986256e-15 6.894583615439495117e+12
7.893646577346191266e-15 7.137492040514401367e+12
6.639595175501456132e-15 7.388958560793229492e+12
5.550711279681729719e-15 7.649284693168611328e+12
4.611127257601627125e-15 7.918782577508758789e+12
3.805588095843572280e-15 8.197775350923785156e+12
3.119563195457671821e-15 8.486597535218065430e+12
2.539338162478740491e-15 8.785595437993219727e+12
2.052086290416689799e-15 9.095127567882718750e+12
1.645919855222742723e-15 9.415565064415847656e+12
1.309921765141401613e-15 9.747292143026630859e+12
1.034158514449653257e-15 1.009070655574119531e+13
8.096757667663104955e-16 1.044622006809590625e+13
6.284782259809212536e-16 1.081425895285824805e+13
4.834957277435848131e-16 1.119526450114233594e+13
3.685376909766386344e-16 1.158969355153192578e+13
2.782381992583500432e-16 1.199801903784542773e+13
2.079940322171302489e-16 1.242073055619953516e+13
1.538979374415822099e-16 1.285833495205162500e+13
1.126693282248126843e-16 1.331135692792469531e+13
8.158441998734614533e-17 1.378033967254342773e+13
5.840759003928206740e-17 1.426584551213594727e+13
4.132547550259069605e-17 1.476845658468205664e+13
2.888502824339617772e-17 1.528877553791640625e+13
1.993643947433163987e-17 1.582742625192363672e+13
1.358154550977324999e-17 1.638505458719170312e+13
9.128043580328645011e-18 1.696232915902054883e+13
6.049593805542810528e-18 1.755994213921459961e+13
3.951668598026277652e-18 1.817861008602014453e+13
2.542838923399219384e-18 1.881907480330307812e+13
1.611059761378637209e-18 1.948210422999686328e+13
1.004433661899776172e-18 2.016849336088739062e+13
6.158878623358491640e-19 2.087906519983875000e+13
3.711915758274969647e-19 2.161467174660277344e+13
2.197591595107620732e-19 2.237619501839553125e+13
1.277248219663210628e-19 2.316454810746617969e+13
7.282835403990243293e-20 2.398067627592522656e+13
4.071271055866892064e-20 2.482555808914618359e+13
2.229774960059113592e-20 2.570020658909854688e+13
1.195583833390716445e-20 2.660567050901933594e+13
6.271370537136061990e-21 2.754303553088019922e+13
3.215676309125060312e-21 2.851342558715652344e+13
1.610503971576212454e-21 2.951800420846098828e+13
7.871741086645999337e-22 3.055797591865612109e+13
3.751686667874992043e-22 3.163458767911909375e+13
1.741980040851161055e-22 3.274913038389109766e+13
7.872653677529606747e-23 3.390294040750292969e+13
3.459767412503349983e-23 3.509740120733323047e+13
1.477040149907835700e-23 3.633394498242120312e+13
6.119474221294438347e-24 3.761405439072169531e+13
2.457839311615733611e-24 3.893926432686217969e+13
9.559505347689525759e-25 4.031116376253404688e+13
3.596401473720528807e-25 4.173139765172292188e+13
1.307201853814293108e-25 4.320166890306493750e+13
4.584921230767860850e-26 4.472374042169173438e+13
1.549852131527845879e-26 4.629943722301325781e+13
5.042582570914101926e-27 4.793064862097381250e+13
1.577013625435061395e-27 4.961933049340289062e+13
4.734043598911950894e-28 5.136750762717968750e+13
1.362124556166946802e-28 5.317727614602105469e+13
3.750942934832073403e-29 5.505080602380463281e+13
9.870328494622833883e-30 5.699034368644182812e+13
2.477964389016128502e-30 5.899821470541840625e+13
5.925310529240063037e-31 6.107682658623326562e+13
1.347208177074618332e-31 6.322867165507996094e+13
2.907331372578397710e-32 6.545633004723006250e+13
5.944182081607918037e-33 6.776247280070249219e+13
1.149213718803534311e-33 7.014986505892969531e+13
2.096838042170349052e-34 7.262136938625740625e+13
3.603283818323987507e-35 7.517994920025735938e+13
5.819483662252332808e-36 7.782867232496523438e+13
8.814007609819493278e-37 8.057071466930521875e+13
1.249057736190393104e-37 8.340936403511376562e+13
1.652320310579966225e-38 8.634802405932421875e+13
2.035425762352404961e-39 8.939021829504428125e+13
2.329030321783487764e-40 9.253959443641520312e+13
2.469022237650016707e-41 9.579992869232034375e+13
2.418444942995785596e-42 9.917513031418881250e+13
2.182724590195825046e-43 1.026692462833202500e+14
1.809925815562891991e-44 1.062864661633519219e+14
1.374754481138897262e-45 1.100311271236890781e+14
9.535639151308855044e-47 1.139077191399176562e+14
6.020675716637347837e-48 1.179208903774366406e+14
3.448839161739767988e-49 1.220754527647678281e+14
1.786256231967907799e-50 1.263763877632195000e+14
8.335200481977878800e-52 1.308288523398292500e+14
3.491353901507694910e-53 1.354381851507420000e+14
1.307750971110854476e-54 1.402099129424387031e+14
4.363140509499837842e-56 1.451497571784952500e+14
1.291355072244441270e-57 1.502636408998089688e+14
3.376225491626265171e-59 1.555576958265279062e+14
7.763524120410066984e-61 1.610382697101903125e+14
1.563016614630375946e-62 1.667119339448934688e+14
2.742280228194216520e-64 1.725854914466199062e+14
4.172518726100091186e-66 1.786659848101638438e+14
5.478270599043836991e-68 1.849607047534401562e+14
6.174347982506674980e-70 1.914771988593046875e+14
5.941626932757252368e-72 1.982232806253614062e+14
4.854765277804152322e-74 2.052070388326099375e+14
3.348701275196719828e-76 2.124368472441710625e+14
1.938377805451999440e-78 2.199213746457100625e+14
9.357752098290933561e-81 2.276695952396075625e+14
3.743677653671861240e-83 2.356907994053316562e+14
1.232945928994832601e-85 2.439946048389167500e+14
3.319952424803358900e-88 2.525909680849108750e+14
7.257393025029534154e-91 2.614901964746066250e+14
1.278499397575954058e-93 2.707029604848845625e+14
1.801313396630260678e-96 2.802403065324759375e+14
2.013855555866499561e-99 2.901136702189893750e+14
1.772060812240730617e-102 3.003348900425888125e+14
1.216960503660072660e-105 3.109162215927526875e+14
6.465901976521036260e-109 3.218703522451401250e+14
2.633965650445213417e-112 3.332104163741885625e+14
8.149945555703748289e-116 3.449500111016725000e+14
1.896945972281891106e-119 3.571032126001121250e+14
3.288173006536539400e-123 3.696845929705866875e+14
4.200917132747100653e-127 3.827092377151723750e+14
3.913404638179613165e-131 3.961927638249768125e+14
2.628775681692676478e-135 4.101513385054388750e+14
1.258743102680330386e-139 4.246016985613546875e+14
4.245470962490303474e-144 4.395611704648799375e+14
9.962257160577267694e-149 4.550476911305513750e+14
1.605763990946559695e-153 4.710798294222625625e+14
1.754491195141152141e-158 4.876768084179588750e+14
1.281790769592586003e-163 5.048585284587577500e+14
6.173350227341872478e-169 5.226455910101386250e+14
1.931465269431000426e-174 5.410593233637970000e+14
3.866471901065519148e-180 5.601218042097869375e+14
4.874970590078797968e-186 5.798558901096266250e+14
3.808770598152091442e-192 6.002852429020887500e+14
1.813136836979836767e-198 6.214343580745436250e+14
5.168072281837252443e-205 6.433285941338891250e+14
8.662255904693333839e-212 6.659942030122508750e+14
8.379412720672002293e-219 6.894583615439487500e+14
4.588447538924044402e-226 7.137492040514402500e+14
1.394057650572468697e-233 7.388958560793230000e+14
2.301679620968936226e-241 7.649284693168620000e+14
2.021282522136478891e-249 7.918782577508758750e+14
9.233519280056361796e-258 8.197775350923777500e+14
2.144200223392631612e-266 8.486597535218066250e+14
2.471545836524491577e-275 8.785595437993220000e+14
1.379621443501277344e-284 9.095127567882710000e+14
3.635333228540378809e-294 9.415565064415848750e+14
4.403882618625572334e-304 9.747292143026630000e+14
2.386404129437396487e-314 1.009070655574118500e+15
0.000000000000000000e+00 1.044622006809590625e+15
0.000000000000000000e+00 1.081425895285823750e+15
0.000000000000000000e+00 1.119526450114233500e+15
0.000000000000000000e+00 1.158969355153192500e+15
0.000000000000000000e+00 1.199801903784541500e+15
0.000000000000000000e+00 1.242073055619953750e+15
0.000000000000000000e+00 1.285833495205162750e+15
0.000000000000000000e+00 1.331135692792471000e+15
0.000000000000000000e+00 1.378033967254342750e+15
0.000000000000000000e+00 1.426584551213593250e+15
0.000000000000000000e+00 1.476845658468205750e+15
0.000000000000000000e+00 1.528877553791640500e+15
0.000000000000000000e+00 1.582742625192362000e+15
0.000000000000000000e+00 1.638505458719170500e+15
0.000000000000000000e+00 1.696232915902054750e+15
0.000000000000000000e+00 1.755994213921458000e+15
0.000000000000000000e+00 1.817861008602014500e+15
0.000000000000000000e+00 1.881907480330305750e+15
0.000000000000000000e+00 1.948210422999686250e+15
