3.021162314301762408e-01 2.464208230118724252e+00
3.119770616547414277e-01 2.551026662328949701e+00
3.221300739821688075e-01 2.640903862089463594e+00
3.325817444522864985e-01 2.733947595213219728e+00
3.433385238590320188e-01 2.830269424294153957e+00
3.544068214306614339e-01 2.929984842474506745e+00
3.657929871735444705e-01 3.033213411925026914e+00
3.775032928178339020e-01 3.140078907204081116e+00
3.895439113040575219e-01 3.250709463667534216e+00
4.019208947512164509e-01 3.365237731107401320e+00
4.146401508490019094e-01 3.483801032803444997e+00
4.277074176195520550e-01 3.606541530178448696e+00
4.411282364979008386e-01 3.733606393254599976e+00
4.549079236846499397e-01 3.865147977115319655e+00
4.690515397301015521e-01 4.001324004584192018e+00
4.835638573155160436e-01 4.142297755339988008e+00
4.984493272050929402e-01 4.288238261694528930e+00
5.137120423512270273e-01 4.439320511268171288e+00
5.293557001460530431e-01 4.595725656805904613e+00
5.453835628241243683e-01 4.757641233385633051e+00
5.617984160345821376e-01 4.925261383279119443e+00
5.786025256160926000e-01 5.098787088735130091e+00
5.957975926247359721e-01 5.278426412963985292e+00
6.133847066834487993e-01 5.464394749612425883e+00
6.313642977421037861e-01 5.656915081027875658e+00
6.497360863595241787e-01 5.856218245621867879e+00
6.684990326428942309e-01 6.062543214653121737e+00
6.876512840061522747e-01 6.276137378762195240e+00
7.071901219369298719e-01 6.497256844601279724e+00
7.271119079914167838e-01 6.726166741914730629e+00
7.474120292682335798e-01 6.963141541438650606e+00
7.680848436456672035e-01 7.208465384000636966e+00
7.891236251015326664e-01 7.462432421214234779e+00
8.105205094711576130e-01 7.725347168176734947e+00
8.322664410364181142e-01 7.997524868593106184e+00
8.543511203770098872e-01 8.279291872763881344e+00
8.767629539540346961e-01 8.570986028890285269e+00
8.994890059350448830e-01 8.872957088165641437e+00
9.225149528085658801e-01 9.185567124138943385e+00
9.458250413742983476e-01 9.509190966853367399e+00
9.694020507321412516e-01 9.844216652280152857e+00
9.932272589283347441e-01 1.019104588758693275e+01
1.017280414949677469e+00 1.055009453279827447e+01
1.041539716786168412e+00 1.092179309942592447e+01
1.065981796307912122e+00 1.130658726666678859e+01
1.090581711722601765e+00 1.170493841578733729e+01
1.115312948394665771e+00 1.211732418333544281e+01
1.140147428815053043e+00 1.254423903384283889e+01
1.165055532510610226e+00 1.298619485270481810e+01
1.190006126672971343e+00 1.344372155994822648e+01
1.214966608267539661e+00 1.391736774562356516e+01
1.239902958352359308e+00 1.440770132758305166e+01
1.264779809292981616e+00 1.491531023243346787e+01
1.289560525501626032e+00 1.544080310048001969e+01
1.314207298255679834e+00 1.598481001550677227e+01
1.338681255060409914e+00 1.654798326026853772e+01
1.362942583912606143e+00 1.713099809859993528e+01
1.386950672694470255e+00 1.773455358507971980e+01
1.410664263779400462e+00 1.835937340322092837e+01
1.434041623762688067e+00 1.900620673319195575e+01
1.457040728040057465e+00 1.967582915010907385e+01
1.479619459745237675e+00 2.036904355397721744e+01
1.501735822324989034e+00 2.108668113239438213e+01
1.523348164776910929e+00 2.182960235717383668e+01
1.544415418303868304e+00 2.259869801607891304e+01
1.564897342851294226e+00 2.339489028090783762e+01
1.584754781693386239e+00 2.421913381320900172e+01
1.603949921925785560e+00 2.507241690895253683e+01
1.622446558410900685e+00 2.595576268353081772e+01
1.640210358414496694e+00 2.687023029850841027e+01
1.657209123875797108e+00 2.781691623159279203e+01
1.673413047977241774e+00 2.879695559134838945e+01
1.688794962433546543e+00 2.981152347823021387e+01
1.703330571713678854e+00 3.086183639356917752e+01
1.716998670254709758e+00 3.194915369819851136e+01
1.729781338634737820e+00 3.307477912247016150e+01
1.741664114654612128e+00 3.424006232947170503e+01
1.752636135345793544e+00 3.544640053331819018e+01
1.762690246084340551e+00 3.669524017445925779e+01
1.771823073256943992e+00 3.798807865401042960e+01
1.780035057300348278e+00 3.932646612918780704e+01
1.787330443423832405e+00 4.071200737199914244e+01
1.793717227925856417e+00 4.214636369341998545e+01
1.799207058726573605e+00 4.363125493536195876e+01
1.803815089549927420e+00 4.516846153282157417e+01
1.807559788089500463e+00 4.675982664868213590e+01
1.810462699463879277e+00 4.840725838372867429e+01
1.812548167287582057e+00 5.011273206452555939e+01
1.813843015725818963e+00 5.187829261190006491e+01
1.814376196934534891e+00 5.370605699287183654e+01
1.814178409277162451e+00 5.559821675896816373e+01
1.813281692619970187e+00 5.755704067396874279e+01
1.811719007801422476e+00 5.958487743423042815e+01
1.809523808011127555e+00 6.168415848485377495e+01
1.806729610266444963e+00 6.385740093506829140e+01
1.803369575409880632e+00 6.610721057633193709e+01
1.799476105044232277e+00 6.843628500676342696e+01
1.795080463559434181e+00 7.084741686565389784e+01
1.790212432879088711e+00 7.334349718193622891e+01
1.784900006770498093e+00 7.592751884062694501e+01
1.779169130536108367e+00 7.860258017139685194e+01
1.773043490665119570e+00 8.137188866357345773e+01
1.766544357611218086e+00 8.423876481202945854e+01
1.759690483326610044e+00 8.720664609856902416e+01
1.752498053581978521e+00 9.027909111358506777e+01
1.744980693501736235e+00 9.345978382292965136e+01
1.737149523210986590e+00 9.675253798511432990e+01
1.729013259091753074e+00 1.001613017241361234e+02
1.720578354943007815e+00 1.036901622634120201e+02
1.711849176385374260e+00 1.073433508264985079e+02
1.702828201188551605e+00 1.111252477104723226e+02
1.693516237854494344e+00 1.150403875380554837e+02
1.683912654771813955e+00 1.190934646947816020e+02
1.674015612559129229e+00 1.232893389577235013e+02
1.663822292811680592e+00 1.276330413225308718e+02
1.653329117314683128e+00 1.321297800357649521e+02
1.642531952833890196e+00 1.367849468397628243e+02
1.631426297773618250e+00 1.416041234375193483e+02
1.620007448235047054e+00 1.465930881853386438e+02
1.608270642242285664e+00 1.517578230212794494e+02
1.596211182064180667e+00 1.571045206377018815e+02
1.583824535588581162e+00 1.626395919065155624e+02
1.571106418557737472e+00 1.683696735660326453e+02
1.558052860118229965e+00 1.743016361786426387e+02
1.544660254562395085e+00 1.804425923688497448e+02
1.530925402342216080e+00 1.867999053515507057e+02
1.516845543437323141e+00 1.933811977607796564e+02
1.502418385984068960e+00 2.001943607895051969e+02
1.487642132758961289e+00 2.072475636514385542e+02
1.472515507697871762e+00 2.145492633761975867e+02
1.457037784164161520e+00 2.221082149495726981e+02
1.441208816192862230e+00 2.299334818110523315e+02
1.425029073467775298e+00 2.380344467211939445e+02
1.408499680359579509e+00 2.464208230118724430e+02
1.391622458983333477e+00 2.551026662328947054e+02
1.374399975932282025e+00 2.640903862089460858e+02
1.356835592113231792e+00 2.733947595213219870e+02
1.338933514942594494e+00 2.830269424294153850e+02
1.320698852052584638e+00 2.929984842474506763e+02
1.302137665592831839e+00 3.033213411925027003e+02
1.283257026181570337e+00 3.140078907204081133e+02
1.264065065551254641e+00 3.250709463667535033e+02
1.244571026935914038e+00 3.365237731107397963e+02
1.224785312254231817e+00 3.483801032803441444e+02
1.204719525148165271e+00 3.606541530178448625e+02
1.184386508938992000e+00 3.733606393254599993e+02
1.163800378560500670e+00 3.865147977115320259e+02
1.142976545523730403e+00 4.001324004584191130e+02
1.121931734961421956e+00 4.142297755339988043e+02
1.100683993796479854e+00 4.288238261694529001e+02
1.079252689080807848e+00 4.439320511268167024e+02
1.057658495562679102e+00 4.595725656805900030e+02
1.035923371566060291e+00 4.757641233385633086e+02
1.014070522307479072e+00 4.925261383279119514e+02
9.921243498383278681e-01 5.098787088735130624e+02
9.701103888855615587e-01 5.278426412963984831e+02
9.480552279738523325e-01 5.464394749612425812e+02
9.259864153490199312e-01 5.656915081027876795e+02
9.039323493869753090e-01 5.856218245621861342e+02
8.819221533648596845e-01 6.062543214653115911e+02
8.599855346910861842e-01 6.276137378762196022e+02
8.381526289373421035e-01 6.497256844601280363e+02
8.164538292862734137e-01 6.726166741914730665e+02
7.949196023004488909e-01 6.963141541438651529e+02
7.735802912273895826e-01 7.208465384000637641e+02
7.524659083769477119e-01 7.462432421214235774e+02
7.316059184351977329e-01 7.725347168176726882e+02
7.110290149062579168e-01 7.997524868593096699e+02
6.907628921922276399e-01 8.279291872763881202e+02
6.708340161228123488e-01 8.570986028890285979e+02
6.512673960207359114e-01 8.872957088165640016e+02
6.320863616265106621e-01 9.185567124138943882e+02
6.133123483960783995e-01 9.509190966853367399e+02
5.949646948167602867e-01 9.844216652280152857e+02
5.770604554506589823e-01 1.019104588758692330e+03
5.596142334008010755e-01 1.055009453279826403e+03
5.426380357957001355e-01 1.092179309942592454e+03
5.261411556962658498e-01 1.130658726666678831e+03
5.101300835410031986e-01 1.170493841578733736e+03
4.946084508597688445e-01 1.211732418333544047e+03
4.795770085048466358e-01 1.254423903384283904e+03
4.650336410760631534e-01 1.298619485270481846e+03
4.509734185631411596e-01 1.344372155994821469e+03
4.373886855064435530e-01 1.391736774562355095e+03
4.242691872032475775e-01 1.440770132758305181e+03
4.116022316807751436e-01 1.491531023243346681e+03
3.993728853423246794e-01 1.544080310048001820e+03
3.875641993941215668e-01 1.598481001550677092e+03
3.761574634043609033e-01 1.654798326026853601e+03
3.651324816590266198e-01 1.713099809859993456e+03
3.544678673871681784e-01 1.773455358507970232e+03
3.441413494550303875e-01 1.835937340322091131e+03
3.341300857940089908e-01 1.900620673319195475e+03
3.244109776476354901e-01 1.967582915010907527e+03
3.149609787080633883e-01 2.036904355397721702e+03
3.057573933669874289e-01 2.108668113239437844e+03
2.967781586271270311e-01 2.182960235717383966e+03
2.880021046991123601e-01 2.259869801607891532e+03
2.794091899289814496e-01 2.339489028090781630e+03
2.709807064417730227e-01 2.421913381320897770e+03
2.626994537199174307e-01 2.507241690895253669e+03
2.545498782304789764e-01 2.595576268353082014e+03
2.465181781394653882e-01 2.687023029850840885e+03
2.385923730700885148e-01 2.781691623159278151e+03
2.307623397414688970e-01 2.879695559134838732e+03
2.230198151334778223e-01 2.981152347823021046e+03
2.153583695346111271e-01 3.086183639356914682e+03
2.077733524203913273e-01 3.194915369819849730e+03
2.002618145631770985e-01 3.307477912247016320e+03
1.928224100804333818e-01 3.424006232947170702e+03
1.854552822845070836e-01 3.544640053331818763e+03
1.781619372066250429e-01 3.669524017445923619e+03
1.709451085415918670e-01 3.798807865401042818e+03
1.638086175136612976e-01 3.932646612918780647e+03
1.567572308191042540e-01 4.071200737199910236e+03
1.497965193814340124e-01 4.214636369341996215e+03
1.429327201873621944e-01 4.363125493536195791e+03
1.361726029821880568e-01 4.516846153282157502e+03
1.295233431183736850e-01 4.675982664868213760e+03
1.229924013940368044e-01 4.840725838372864928e+03
1.165874113090335368e-01 5.011273206452555314e+03
1.103160738207651370e-01 5.187829261190006946e+03
1.041860594103284771e-01 5.370605699287178140e+03
9.820491707738498999e-02 5.559821675896812849e+03
9.237998976918811167e-02 5.755704067396874052e+03
8.671833571092912862e-02 5.958487743423042957e+03
8.122665513232014967e-02 6.168415848485377865e+03
7.591122196745249406e-02 6.385740093506826270e+03
7.077782022783489502e-02 6.610721057633193595e+03
6.583168489761354047e-02 6.843628500676342810e+03
6.107744736090042759e-02 7.084741686565383134e+03
5.651908553050086909e-02 7.334349718193619083e+03
5.215987899337742179e-02 7.592751884062693534e+03
4.800236961127761492e-02 7.860258017139685762e+03
4.404832810780294483e-02 8.137188866357345432e+03
4.029872723087291747e-02 8.423876481202940340e+03
3.675372209938197049e-02 8.720664609856903553e+03
3.341263832422675800e-02 9.027909111358505470e+03
3.027396843788752318e-02 9.345978382292954848e+03
2.733537707594008506e-02 9.675253798511428613e+03
2.459371523192886017e-02 1.001613017241361376e+04
2.204504375853936701e-02 1.036901622634120213e+04
1.968466611824705795e-02 1.073433508264984994e+04
1.750717020136984339e-02 1.111252477104722675e+04
1.550647883488273648e-02 1.150403875380554746e+04
1.367590840788192319e-02 1.190934646947815963e+04
1.200823484575317540e-02 1.232893389577233938e+04
1.049576598146336436e-02 1.276330413225308075e+04
9.130419205348669354e-03 1.321297800357649430e+04
7.903803130418033188e-03 1.367849468397628152e+04
6.807301894124534805e-03 1.416041234375193744e+04
5.832160634687114792e-03 1.465930881853385654e+04
4.969570634384604287e-03 1.517578230212794733e+04
4.210752616713521294e-03 1.571045206377018985e+04
3.547036720541680514e-03 1.626395919065153794e+04
2.969937752621820085e-03 1.683696735660325430e+04
2.471224438730076738e-03 1.743016361786426569e+04
2.042981550356721705e-03 1.804425923688497278e+04
1.677663973821381634e-03 1.867999053515506603e+04
1.368142005949406475e-03 1.933811977607795416e+04
1.107737397766268839e-03 2.001943607895052264e+04
8.902499167306973963e-04 2.072475636514385769e+04
7.099744498119382827e-04 2.145492633761973775e+04
5.617089148913081758e-04 2.221082149495726117e+04
4.407534773387797766e-04 2.299334818110523338e+04
3.429017735963531027e-04 2.380344467211939627e+04
2.644250166745081725e-04 2.464208230118724168e+04
2.020499936075822415e-04 2.551026662328946986e+04
1.529320579272344801e-04 2.640903862089458562e+04
1.146242689897627749e-04 2.733947595213219756e+04
8.504383462293718784e-05 2.830269424294151395e+04
6.243697631035307488e-05 2.929984842474506877e+04
4.534326128948287793e-05 3.033213411925026958e+04
3.256033950101267735e-05 3.140078907204078132e+04
2.310989258975228186e-05 3.250709463667534510e+04
1.620545522196475293e-05 3.365237731107397849e+04
1.122261421440798276e-05 3.483801032803444832e+04
7.671936453783922394e-06 3.606541530178449466e+04
5.174829637159070064e-06 3.733606393254596333e+04
3.442406617412599949e-06 3.865147977115320100e+04
2.257309247692915041e-06 4.001324004584191425e+04
1.458354100416254466e-06 4.142297755339983996e+04
9.277916430868511611e-07 4.288238261694528774e+04
5.809221866249990678e-07 4.439320511268167320e+04
3.577846512039211193e-07 4.595725656805895414e+04
2.166253566826962373e-07 4.757641233385632950e+04
1.288603879900677265e-07 4.925261383279114671e+04
7.526302111015642346e-08 5.098787088735130237e+04
4.313362008363441751e-08 5.278426412963985058e+04
2.423998429091218082e-08 5.464394749612420128e+04
1.334844955126678577e-08 5.656915081027877022e+04
7.197815471518149136e-09 5.856218245621862297e+04
3.797697505530038081e-09 6.062543214653121686e+04
1.959101145640615423e-09 6.276137378762195294e+04
9.873371944873350041e-10 6.497256844601273042e+04
4.857238905594426311e-10 6.726166741914731392e+04
2.330555052634977677e-10 6.963141541438651620e+04
1.089664478964930846e-10 7.208465384000630002e+04
4.960139225645711023e-11 7.462432421214235364e+04
2.196103259383772018e-11 7.725347168176727428e+04
9.448115537760655781e-12 7.997524868593089923e+04
3.945771835440537479e-12 8.279291872763881111e+04
1.597932339145193954e-12 8.570986028890276793e+04
6.268357238305142773e-13 8.872957088165640016e+04
2.379198815330619146e-13 9.185567124138944200e+04
8.727400616579687952e-14 9.509190966853359714e+04
3.090252996276029221e-14 9.844216652280151902e+04
1.054915015576626538e-14 1.019104588758692407e+05
3.467332934320847306e-15 1.055009453279827576e+05
1.095844289033259136e-15 1.092179309942592517e+05
3.325657903044416547e-16 1.130658726666677685e+05
9.677446358598655130e-17 1.170493841578733700e+05
2.696221859632988892e-17 1.211732418333544192e+05
7.181194029093800135e-18 1.254423903384282457e+05
1.825555177755147653e-18 1.298619485270481673e+05
4.422189479122486045e-19 1.344372155994821223e+05
1.019026540915255139e-19 1.391736774562353676e+05
2.229847092787313152e-20 1.440770132758305117e+05
4.625033205729561861e-21 1.491531023243345262e+05
9.075815924934616293e-22 1.544080310048001993e+05
1.681665300144931702e-22 1.598481001550677174e+05
2.936287924023293969e-23 1.654798326026851719e+05
4.821188481230388201e-24 1.713099809859993402e+05
7.427884829521399871e-25 1.773455358507970232e+05
1.071415266046950180e-25 1.835937340322093223e+05
1.443523439612893220e-26 1.900620673319195339e+05
1.812255355818281000e-27 1.967582915010905417e+05
2.114773746926882946e-28 2.036904355397721520e+05
2.287909019317429606e-29 2.108668113239438098e+05
2.288684111842799418e-30 2.182960235717381584e+05
2.111088140029200319e-31 2.259869801607891568e+05
1.790437595103092296e-32 2.339489028090781649e+05
1.392064957118103894e-33 2.421913381320895278e+05
9.891843015618048640e-35 2.507241690895253560e+05
6.403764946892019923e-36 2.595576268353079504e+05
3.764510740826544352e-37 2.687023029850840685e+05
2.002723557349431493e-38 2.781691623159277951e+05
9.608267940365387845e-40 2.879695559134836076e+05
4.141897443931551626e-41 2.981152347823021119e+05
1.598256568079632205e-42 3.086183639356914791e+05
5.499100760704399117e-44 3.194915369819852640e+05
1.680274620830571183e-45 3.307477912247016211e+05
4.540418022035845567e-47 3.424006232947167591e+05
1.080333800920137625e-48 3.544640053331818781e+05
2.253304931214050736e-50 3.669524017445923528e+05
4.100781083212937321e-52 3.798807865401039599e+05
6.480545380038723825e-54 3.932646612918780884e+05
8.849018706436159608e-56 4.071200737199909636e+05
1.038679112912894115e-57 4.214636369341991376e+05
1.042451311561356286e-59 4.363125493536195718e+05
8.896559306580433081e-62 4.516846153282152372e+05
6.419477646330925247e-64 4.675982664868214051e+05
3.893324658206852120e-66 4.840725838372865110e+05
1.972542610795870298e-68 5.011273206452550949e+05
8.295926104429328329e-71 5.187829261190007091e+05
2.877312060410931392e-73 5.370605699287177995e+05
8.174161047236495573e-76 5.559821675896819215e+05
1.888774688173935795e-78 5.755704067396874307e+05
3.524008031998251559e-81 5.958487743423037464e+05
5.269156055421019935e-84 6.168415848485378083e+05
6.264768729240782270e-87 6.385740093506826088e+05
5.875189215010479757e-90 6.610721057633185992e+05
4.309838246052994051e-93 6.843628500676342519e+05
2.451680861591451836e-96 7.084741686565383570e+05
1.071864517572542025e-99 7.334349718193612061e+05
3.568296222599866088e-103 7.592751884062694153e+05
8.958949712093590451e-107 7.860258017139678122e+05
1.679622654967084095e-110 8.137188866357344668e+05
2.327319033292807101e-114 8.423876481202940922e+05
2.358106370950608609e-118 8.720664609856895404e+05
1.728004394407534069e-122 9.027909111358505907e+05
9.054036616338662397e-127 9.345978382292955648e+05
3.352145769143668651e-131 9.675253798511439236e+05
8.663098418053574437e-136 1.001613017241361318e+06
1.543094617228360151e-140 1.036901622634119238e+06
1.869761750333224229e-145 1.073433508264985168e+06
1.520404740667915431e-150 1.111252477104722755e+06
8.181039934354683918e-156 1.150403875380553771e+06
2.870888153617999144e-161 1.190934646947816247e+06
6.472052267598985551e-167 1.232893389577233931e+06
9.228153861357976098e-173 1.276330413225306896e+06
8.188893841328881159e-179 1.321297800357649336e+06
4.447509018227615220e-185 1.367849468397626886e+06
1.453039893899914864e-191 1.416041234375193482e+06
2.804985381082024381e-198 1.465930881853385828e+06
3.140691645895543135e-205 1.517578230212792987e+06
2.000908634528114937e-212 1.571045206377019174e+06
7.110636423367482416e-220 1.626395919065153925e+06
1.380819646598830407e-227 1.683696735660327133e+06
1.434385994596190338e-235 1.743016361786426278e+06
7.796923190653711975e-244 1.804425923688495532e+06
2.167698664002169901e-252 1.867999053515506908e+06
3.010468965924339617e-261 1.933811977607795270e+06
2.038021253585403390e-270 2.001943607895050198e+06
6.557346306615800823e-280 2.072475636514385697e+06
9.768110921838294800e-290 2.145492633761973586e+06
6.556518458100839987e-300 2.221082149495723657e+06
1.928050034855243195e-310 2.299334818110523280e+06
0.000000000000000000e+00 2.380344467211937066e+06
0.000000000000000000e+00 2.464208230118724052e+06
