3.254991112993896318e-02 4.658005545706767947e+00
3.606980646264579954e-02 4.822115353377247615e+00
3.990678909190376045e-02 4.992007041019609126e+00
4.408057675520416635e-02 5.167884314533478296e+00
4.861097281505109835e-02 5.349958056739100520e+00
5.351771106449756260e-02 5.538446580232983862e+00
5.882028731965174839e-02 5.733575889152113803e+00
6.453777942807005508e-02 5.935579950160606799e+00
7.068865775830321385e-02 6.144700972983651255e+00
7.729058866282018103e-02 6.361189700825204518e+00
8.436023380765400592e-02 6.585305711017602093e+00
9.191304861958767003e-02 6.817317726263581790e+00
9.996308339708077917e-02 7.057503936843954051e+00
1.085227908457705170e-01 7.306152334177147267e+00
1.176028439169421458e-01 7.563561056130714277e+00
1.272119678321776137e-01 7.830038744498773795e+00
1.373567900589944824e-01 8.105904915073956829e+00
1.480417117529689852e-01 8.391490340757718158e+00
1.592688038010668661e-01 8.687137448168252618e+00
1.710377300930622790e-01 8.993200728221637519e+00
1.833457000252453617e-01 9.310047161178500730e+00
1.961874515218517134e-01 9.638056656665751731e+00
2.095552650705436726e-01 9.977622509201154344e+00
2.234390084403291565e-01 1.032915186976682698e+01
2.378262109200598440e-01 1.069306623399702261e+01
2.527021651222092768e-01 1.106980194756575386e+01
2.680500536801843081e-01 1.145981072938004708e+01
2.838510975659220836e-01 1.186356021320622922e+01
3.000847223020208787e-01 1.228153450837874061e+01
3.167287380651045980e-01 1.271423478026357756e+01
3.337595295919895122e-01 1.316217985117261513e+01
3.511522519121583197e-01 1.362590682244921503e+01
3.688810282319047729e-01 1.410597171847087239e+01
3.869191467660299533e-01 1.460295015334137503e+01
4.052392539189732523e-01 1.511743802107164747e+01
4.238135419141690896e-01 1.565005221007685954e+01
4.426139297057076205e-01 1.620143134284665010e+01
4.616122367231372259e-01 1.677223654167507405e+01
4.807803496409353006e-01 1.736315222136870062e+01
5.000903828760562275e-01 1.797488690988327420e+01
5.195148338556008216e-01 1.860817409787265220e+01
5.390267342312053955e-01 1.926377311816907678e+01
5.585997981313695071e-01 1.994247005624900382e+01
5.782085682406684635e-01 2.064507869277621310e+01
5.978285599960945218e-01 2.137244147935257743e+01
6.174364035337857048e-01 2.212543054864595504e+01
6.370099822564608827e-01 2.290494876010695080e+01
6.565285660858669603e-01 2.371193078252809272e+01
6.759729366841248366e-01 2.454734421474331185e+01
6.953255012415452407e-01 2.541219074581186277e+01
7.145703908998770615e-01 2.630750735607750102e+01
7.336935395619264000e-01 2.723436756054305974e+01
7.526827387703597383e-01 2.819388269605149944e+01
7.715276645412941781e-01 2.918720325381631753e+01
7.902198725158313675e-01 3.021552025889967652e+01
8.087527585291713894e-01 3.128006669829192887e+01
8.271214826602159009e-01 3.238211899930471560e+01
8.453228559681802423e-01 3.352299856005073764e+01
8.633551903886290679e-01 3.470407333384492432e+01
8.812181135858583314e-01 3.592675946942684106e+01
8.989123518738455498e-01 3.719252300897123575e+01
9.164394855589994560e-01 3.850288164592216589e+01
9.338016821633956521e-01 3.985940654475900402e+01
9.510014139046867321e-01 4.126372422487617797e+01
9.680411664956605211e-01 4.271751851083481455e+01
9.849231467525150219e-01 4.422253255132573457e+01
1.001648996648402568e+00 4.578057090926384376e+01
1.018219521313847631e+00 4.739350172552028795e+01
1.034634438076696306e+00 4.906325895888689814e+01
1.050892152972226157e+00 5.079184470495821557e+01
1.066989570270570065e+00 5.258133159671216106e+01
1.082921939504381204e+00 5.443386528966737359e+01
1.098682743282755281e+00 5.635166703459695725e+01
1.114263627900586417e+00 5.833703634088347911e+01
1.129654377451057234e+00 6.039235373370882343e+01
1.144842930877840725e+00 6.252008360838473777e+01
1.159815440214986282e+00 6.472277718524640022e+01
1.174556367203137386e+00 6.700307556865215020e+01
1.189048614579465424e+00 6.936371291375722592e+01
1.203273687644776713e+00 7.180751970485877678e+01
1.217211881232040493e+00 7.433742614924246084e+01
1.230842486941817304e+00 7.695646569060042452e+01
1.244144015464245578e+00 7.966777864623321648e+01
1.257094428955380039e+00 8.247461597239696118e+01
1.269671378747684098e+00 8.538034316231018295e+01
1.281852444111967415e+00 8.838844428149427301e+01
1.293615368306443081e+00 9.150252614528642425e+01
1.304938288700736582e+00 9.472632264353369180e+01
1.315799958302293238e+00 9.806369921765353581e+01
1.326179956497788970e+00 1.015186574954292666e+02
1.336058887218807945e+00 1.050953400890976042e+02
1.345418563025616576e+00 1.087980355624814308e+02
1.354242173764983015e+00 1.126311835731233231e+02
1.362514438500596503e+00 1.165993801955855247e+02
1.370221739355120150e+00 1.207073834322993520e+02
1.377352235770743505e+00 1.249601189185718368e+02
1.383895957530135057e+00 1.293626858285894343e+02
1.389844874728182411e+00 1.339203629895008589e+02
1.395192942795234758e+00 1.386386152109101033e+02
1.399936120690622676e+00 1.435230998373687328e+02
1.404072360549461829e+00 1.485796735317239552e+02
1.407601567403021114e+00 1.538143992974559922e+02
1.410525528114969562e+00 1.592335537484250665e+02
1.412847809377579367e+00 1.648436346347447454e+02
1.414573625470397777e+00 1.706513686338046796e+02
1.415709677460026628e+00 1.766637194157847830e+02
1.416263966560445065e+00 1.828878959933325064e+02
1.416245585416424202e+00 1.893313613654137839e+02
1.415664492051029288e+00 1.960018414657018013e+02
1.414531272066034795e+00 2.029073344262335752e+02
1.412856895341869423e+00 2.100561201674420317e+02
1.410652473903350579e+00 2.174567703260615872e+02
1.407929027766092078e+00 2.251181585328114920e+02
1.404697265440791654e+00 2.330494710521800528e+02
1.400967385352064998e+00 2.412602177970675541e+02
1.396748903746368065e+00 2.497602437314949668e+02
1.392050513756867502e+00 2.585597406750497385e+02
1.386879979211950387e+00 2.676692595232229905e+02
1.381244065576446411e+00 2.770997228982918159e+02
1.375148509163383714e+00 2.868624382459141202e+02
1.368598024511376243e+00 2.969691113931395421e+02
1.361596348646529897e+00 3.074318605840933287e+02
1.354146319888196448e+00 3.182632310101620305e+02
1.346249987954849958e+00 3.294762098521048301e+02
1.337908751407612895e+00 3.410842418521233412e+02
1.329123517949534650e+00 3.531012454345632818e+02
1.319894882781446288e+00 3.655416293945784219e+02
1.310223320091221444e+00 3.784203101747651203e+02
1.300109382804200298e+00 3.917527297504831836e+02
1.289553905922382837e+00 4.055548741453075081e+02
1.278558209097738541e+00 4.198432925988137185e+02
1.267124294486982272e+00 4.346351174096785712e+02
1.255255036387699974e+00 4.499480844778867095e+02
1.242954359627233440e+00 4.658005545706767521e+02
1.230227404138529712e+00 4.822115353377242286e+02
1.217080673589034712e+00 4.992007041019604685e+02
1.203522166313533370e+00 5.167884314533478118e+02
1.189561487130170958e+00 5.349958056739101266e+02
1.175209938887731509e+00 5.538446580232983933e+02
1.160480592804391975e+00 5.733575889152114087e+02
1.145388336821405284e+00 5.935579950160607723e+02
1.129949901320935091e+00 6.144700972983652036e+02
1.114183861659461705e+00 6.361189700825198088e+02
1.098110617061724525e+00 6.585305711017595058e+02
1.081752345519783054e+00 6.817317726263580653e+02
1.065132934460788272e+00 7.057503936843954762e+02
1.048277887096742633e+00 7.306152334177147623e+02
1.031214204558144498e+00 7.563561056130713496e+02
1.013970244146163990e+00 7.830038744498772303e+02
9.965755543166376906e-01 8.105904915073957682e+02
9.790606873322268422e-01 8.391490340757708282e+02
9.614569908819950994e-01 8.687137448168243736e+02
9.437963803630954329e-01 8.993200728221637519e+02
9.261110939375256645e-01 9.310047161178499664e+02
9.084334329064037705e-01 9.638056656665752371e+02
8.907954903717298922e-01 9.977622509201154344e+02
8.732288715669189738e-01 1.032915186976682662e+03
8.557644096175697213e-01 1.069306623399702403e+03
8.384318808278276025e-01 1.106980194756574292e+03
8.212597238604484318e-01 1.145981072938003535e+03
8.042747673760439753e-01 1.186356021320623086e+03
7.875019708060194690e-01 1.228153450837874061e+03
7.709641829432510862e-01 1.271423478026357770e+03
7.546819229355331560e-01 1.316217985117261605e+03
7.386731880531716143e-01 1.362590682244921709e+03
7.229532922708425957e-01 1.410597171847087338e+03
7.075347392556590176e-01 1.460295015334135996e+03
6.924271327930683340e-01 1.511743802107162992e+03
6.776371270184227136e-01 1.565005221007686032e+03
6.631684180678206753e-01 1.620143134284665166e+03
6.490217779340536897e-01 1.677223654167507220e+03
6.351951304327514425e-01 1.736315222136870034e+03
6.216836682738574593e-01 1.797488690988327335e+03
6.084800093204963956e-01 1.860817409787265433e+03
5.955743892288429819e-01 1.926377311816905831e+03
5.829548868269930351e-01 1.994247005624898293e+03
5.706076778358294410e-01 2.064507869277621467e+03
5.585173118864502628e-01 2.137244147935257843e+03
5.466670072701599326e-01 2.212543054864595433e+03
5.350389574875727972e-01 2.290494876010694952e+03
5.236146434575471575e-01 2.371193078252809300e+03
5.123751452132534467e-01 2.454734421474331157e+03
5.013014470542771495e-01 2.541219074581184032e+03
4.903747304364027837e-01 2.630750735607747174e+03
4.795766493541441244e-01 2.723436756054305988e+03
4.688895835884961394e-01 2.819388269605149617e+03
4.582968659314504700e-01 2.918720325381631483e+03
4.477829803323225000e-01 3.021552025889967354e+03
4.373337288080219043e-01 3.128006669829192560e+03
4.269363658867720845e-01 3.238211899930471645e+03
4.165797002781747027e-01 3.352299856005070524e+03
4.062541643482799891e-01 3.470407333384488993e+03
3.959518527948419631e-01 3.592675946942684277e+03
3.856665326371112035e-01 3.719252300897123860e+03
3.753936272330939405e-01 3.850288164592216162e+03
3.651301774976784542e-01 3.985940654475900374e+03
3.548747838065540727e-01 4.126372422487617769e+03
3.446275322295412891e-01 4.271751851083481597e+03
3.343899087459534236e-01 4.422253255132569393e+03
3.241647049638077260e-01 4.578057090926380624e+03
3.139559186099368793e-01 4.739350172552029107e+03
3.037686517001413344e-01 4.906325895888689956e+03
2.936090088620203487e-01 5.079184470495822097e+03
2.834839977947339884e-01 5.258133159671213434e+03
2.734014333371137528e-01 5.443386528966737387e+03
2.633698461048251116e-01 5.635166703459695782e+03
2.533983961729596168e-01 5.833703634088342369e+03
2.434967918433998957e-01 6.039235373370879643e+03
2.336752131630363549e-01 6.252008360838473891e+03
2.239442395610439229e-01 6.472277718524640477e+03
2.143147807575216668e-01 6.700307556865214792e+03
2.047980099634488238e-01 6.936371291375718101e+03
1.954052983403203048e-01 7.180751970485876882e+03
1.861481497104619798e-01 7.433742614924247391e+03
1.770381345964697761e-01 7.695646569060034381e+03
1.680868228092155803e-01 7.966777864623317328e+03
1.593057139861177585e-01 8.247461597239695038e+03
1.507061656924504611e-01 8.538034316231018238e+03
1.422993189265214231e-01 8.838844428149428495e+03
1.340960211036561767e-01 9.150252614528639242e+03
1.261067468246110934e-01 9.472632264353369465e+03
1.183415169532269356e-01 9.806369921765353865e+03
1.108098167292420472e-01 1.015186574954291609e+04
1.035205138200091385e-01 1.050953400890975536e+04
9.648177736536103777e-02 1.087980355624814365e+04
8.970099919003271527e-02 1.126311835731233259e+04
8.318471844571995177e-02 1.165993801955855270e+04
7.693855099854221558e-02 1.207073834322993025e+04
7.096712489652694245e-02 1.249601189185718431e+04
6.527402323543461671e-02 1.293626858285894377e+04
5.986173568999378358e-02 1.339203629895007361e+04
5.473161989218487677e-02 1.386386152109100294e+04
4.988387371988422386e-02 1.435230998373687180e+04
4.531751940982523680e-02 1.485796735317239654e+04
4.103040023092788258e-02 1.538143992974560024e+04
3.701919025063044738e-02 1.592335537484249653e+04
3.327941750160479800e-02 1.648436346347447761e+04
2.980550061340095716e-02 1.706513686338046318e+04
2.659079871797345035e-02 1.766637194157845806e+04
2.362767417509071058e-02 1.828878959933324222e+04
2.090756739918949239e-02 1.893313613654137953e+04
1.842108280965094533e-02 1.960018414657018002e+04
1.615808467842930196e-02 2.029073344262335740e+04
1.410780141937122145e-02 2.100561201674419135e+04
1.225893665941863928e-02 2.174567703260615963e+04
1.059978526005144264e-02 2.251181585328115034e+04
9.118352324281708832e-03 2.330494710521798334e+04
7.802473136100896919e-03 2.412602177970674165e+04
6.639931940376455483e-03 2.497602437314949930e+04
5.618577485405788080e-03 2.585597406750496884e+04
4.726433319699213653e-03 2.676692595232230087e+04
3.951800959274976398e-03 2.770997228982916931e+04
3.283354219963870516e-03 2.868624382459141270e+04
2.710223236933813167e-03 2.969691113931395739e+04
2.222066964673307787e-03 3.074318605840929740e+04
1.809133256780323662e-03 3.182632310101618714e+04
1.462305956026743563e-03 3.294762098521048756e+04
1.173138769800805134e-03 3.410842418521233049e+04
9.338760517039601658e-04 3.531012454345632432e+04
7.374609439491962640e-04 3.655416293945782672e+04
5.775316447041668397e-04 3.784203101747651817e+04
4.484068380142924425e-04 3.917527297504831949e+04
3.450615513889332322e-04 4.055548741453071125e+04
2.630948796695892992e-04 4.198432925988135685e+04
1.986911281884579756e-04 4.346351174096785689e+04
1.485759811799913061e-04 4.499480844778867322e+04
1.099692937104314273e-04 4.658005545706767589e+04
8.053604082120010134e-05 4.822115353377241991e+04
5.833684264702621697e-05 4.992007041019600001e+04
4.177932774133014262e-05 5.167884314533478027e+04
2.957140915238526665e-05 5.349958056739095628e+04
2.067734032661311142e-05 5.538446580232983979e+04
1.427720224566623447e-05 5.733575889152113814e+04
9.730260359397007437e-06 5.935579950160601584e+04
6.542429672168735198e-06 6.144700972983651445e+04
4.337906839495574770e-06 6.361189700825198088e+04
2.834875280511415480e-06 6.585305711017601425e+04
1.825066754761907408e-06 6.817317726263581426e+04
1.156871949056467542e-06 7.057503936843946576e+04
7.216326360631217592e-07 7.306152334177147713e+04
4.427164049289415775e-07 7.563561056130714132e+04
2.669680038492029097e-07 7.830038744498766027e+04
1.581443118978094289e-07 8.105904915073957818e+04
9.196784985743146937e-08 8.391490340757709055e+04
5.247160060128435013e-08 8.687137448168234550e+04
2.935122249098796553e-08 8.993200728221637837e+04
1.608567041675397427e-08 9.310047161178490205e+04
8.630780164883856046e-09 9.638056656665752234e+04
4.530380245951268850e-09 9.977622509201154753e+04
2.324648735658786163e-09 1.032915186976681434e+05
1.165119987079300284e-09 1.069306623399702366e+05
5.699213187925846426e-10 1.106980194756574492e+05
2.718427296682561401e-10 1.145981072938004800e+05
1.263262561849142116e-10 1.186356021320623113e+05
5.714043531129746977e-11 1.228153450837872806e+05
2.513357994424163224e-11 1.271423478026357770e+05
1.073985373071913670e-11 1.316217985117261705e+05
4.453821799351589686e-12 1.362590682244920172e+05
1.790603434229294768e-12 1.410597171847087156e+05
6.971457727227009884e-13 1.460295015334135969e+05
2.625513023928586453e-13 1.511743802107161609e+05
9.553502630669814074e-14 1.565005221007686050e+05
3.354613669228489404e-14 1.620143134284663538e+05
1.135295316384591960e-14 1.677223654167507193e+05
3.698260026908161703e-15 1.736315222136870434e+05
1.158041813617918108e-15 1.797488690988325689e+05
3.480844302067208711e-16 1.860817409787265060e+05
1.002888314382764827e-16 1.926377311816905858e+05
2.765541399170400063e-17 1.994247005624900339e+05
7.287801762105188606e-18 2.064507869277621503e+05
1.832345095619138658e-18 2.137244147935255605e+05
4.388270539856287753e-19 2.212543054864595470e+05
9.993340063249520080e-20 2.290494876010695007e+05
2.160173368229654263e-20 2.371193078252806736e+05
4.424147464647498213e-21 2.454734421474330884e+05
8.568561162416858619e-22 2.541219074581183668e+05
1.566277504456267245e-22 2.630750735607745009e+05
2.696665558606245744e-23 2.723436756054306170e+05
4.363820952638506507e-24 2.819388269605146488e+05
6.622772345512761671e-25 2.918720325381631847e+05
9.405112554967846453e-26 3.021552025889967335e+05
1.246875360921364520e-26 3.128006669829189195e+05
1.539447074275609763e-27 3.238211899930471554e+05
1.765630748660565027e-28 3.352299856005070615e+05
1.876293424339131821e-29 3.470407333384492667e+05
1.842468210090717289e-30 3.592675946942683659e+05
1.667205431684695607e-31 3.719252300897119567e+05
1.386171646203321055e-32 3.850288164592215908e+05
1.055816693437933471e-33 3.985940654475900810e+05
7.344510599369852740e-35 4.126372422487613512e+05
4.651060530311297973e-36 4.271751851083482034e+05
2.672507778926448093e-37 4.422253255132569466e+05
1.388597119588536242e-38 4.578057090926375240e+05
6.501055404063816922e-40 4.739350172552028089e+05
2.732420740451386656e-41 4.906325895888684900e+05
1.027110062618650755e-42 5.079184470495821442e+05
3.439406911476088157e-44 5.258133159671213944e+05
1.021829802241859966e-45 5.443386528966731858e+05
2.682075193090380753e-47 5.635166703459694982e+05
6.192487673460657905e-49 5.833703634088342078e+05
1.251984128840473739e-50 6.039235373370884918e+05
2.206177669881536708e-52 6.252008360838473309e+05
3.371996214331966975e-54 6.472277718524633674e+05
4.447965961484234607e-56 6.700307556865214137e+05
5.037438532441998067e-58 6.936371291375717847e+05
4.871904095326641802e-60 7.180751970485870261e+05
4.001408588594268624e-62 7.433742614924247609e+05
2.774927877376391986e-64 7.695646569060034817e+05
1.615200582907280396e-66 7.966777864623308415e+05
7.842550376015682033e-69 8.247461597239695257e+05
3.156239679006801404e-71 8.538034316231008852e+05
1.045905403392200784e-73 8.838844428149427986e+05
2.834336395440820586e-76 9.150252614528639242e+05
6.236902669057455589e-79 9.472632264353359351e+05
1.106263833219448583e-81 9.806369921765353065e+05
1.569719170031983572e-84 1.015186574954291689e+06
1.767843504306082877e-87 1.050953400890976656e+06
1.567433317669057073e-90 1.087980355624814285e+06
1.084920650413635698e-93 1.126311835731232073e+06
5.811414134686633610e-97 1.165993801955855219e+06
2.387362917829735447e-100 1.207073834322992945e+06
7.451564523787658569e-104 1.249601189185716910e+06
1.750110516937222199e-107 1.293626858285894385e+06
3.062111186721286031e-111 1.339203629895007471e+06
3.950109064861588099e-115 1.386386152109098854e+06
3.716775504833654887e-119 1.435230998373687267e+06
2.522695570450222831e-123 1.485796735317238141e+06
1.220974784554201719e-127 1.538143992974560009e+06
4.164068454437241715e-132 1.592335537484249799e+06
9.884211498842013380e-137 1.648436346347445855e+06
1.612256659822724566e-141 1.706513686338046566e+06
1.783421202816478340e-146 1.766637194157846039e+06
1.319649627287807501e-151 1.828878959933326347e+06
6.440155050975739636e-157 1.893313613654137822e+06
2.042670110132355907e-162 1.960018414657016052e+06
4.147355329480325275e-168 2.029073344262335915e+06
5.306277338225101075e-174 2.100561201674419455e+06
4.209092284921918901e-180 2.174567703260613605e+06
2.035410101498098873e-186 2.251181585328115150e+06
5.896683739597380713e-193 2.330494710521798581e+06
1.005117515730424092e-199 2.412602177970672026e+06
9.893806494407161486e-207 2.497602437314949930e+06
5.516277338764181793e-214 2.585597406750494614e+06
1.707526413058965582e-221 2.676692595232229680e+06
2.874243412060831828e-229 2.770997228982917033e+06
2.575095458776206714e-237 2.868624382459138520e+06
1.200956546224090443e-245 2.969691113931396045e+06
2.849285423126029278e-254 3.074318605840929784e+06
3.357978435932400435e-263 3.182632310101622250e+06
1.917994553682959569e-272 3.294762098521048669e+06
5.175608403279243885e-282 3.410842418521229643e+06
6.426087029566308468e-292 3.531012454345632344e+06
3.572113935404495062e-302 3.655416293945781887e+06
8.641743835995246348e-313 3.784203101747647859e+06
0.000000000000000000e+00 3.917527297504832037e+06
0.000000000000000000e+00 4.055548741453070659e+06
0.000000000000000000e+00 4.198432925988131203e+06
0.000000000000000000e+00 4.346351174096785486e+06
0.000000000000000000e+00 4.499480844778862782e+06
0.000000000000000000e+00 4.658005545706767589e+06
