5.552065771264457441e-06 3.161044724111198079e+00
6.719980102692756972e-06 3.272413943538127867e+00
8.127958070765199067e-06 3.387706898349488238e+00
9.823838299125110986e-06 3.507061828711152351e+00
1.186459500668226108e-05 3.630621845235550538e+00
1.431798007082322273e-05 3.758535100576134713e+00
1.726443452785579447e-05 3.890954967067446368e+00
2.079930743800251076e-05 4.028040220623761769e+00
2.503542396274952372e-05 4.169955231116782457e+00
3.010604835449411763e-05 4.316870159460700407e+00
3.616829141074056660e-05 4.468961161640913282e+00
4.340701561346193898e-05 4.626410599931015000e+00
5.203929443502836142e-05 4.789407261551379413e+00
6.231948505798205903e-05 4.958146585031411036e+00
7.454497574400224846e-05 5.132830894546991374e+00
8.906267000711956419e-05 5.313669642514044611e+00
1.062762693935708158e-04 5.500879660729068199e+00
1.266544146022719180e-04 5.694685420357832761e+00
1.507397406280981244e-04 5.895319301083925545e+00
1.791588951855485265e-04 6.103021869739868599e+00
2.126335604002595853e-04 6.318042168754941734e+00
2.519925054221024271e-04 6.540638014765475461e+00
2.981846816660990046e-04 6.771076307745757639e+00
3.522933527093088046e-04 7.009633351030190695e+00
4.155512270121971326e-04 7.256595182610319661e+00
4.893565336136596966e-04 7.512257918104125132e+00
5.752899486525990622e-04 7.776928105808688763e+00
6.751322441109219603e-04 8.050923094261996482e+00
7.908824899376199011e-04 8.334571412754646857e+00
9.247765972048248555e-04 8.628213165247560212e+00
1.079305943885339701e-03 8.932200438168203860e+00
1.257235777406011520e-03 9.246897722574193068e+00
1.461623040476531851e-03 9.572682351190385575e+00
1.695833220546096032e-03 9.909944950843662781e+00
1.963555780367815147e-03 1.025908991083774424e+01
2.268817689678809518e-03 1.062053586782967152e+01
2.615994548157225298e-03 1.099471620778942160e+01
3.009818770034677991e-03 1.138207958564432154e+01
3.455384293387252139e-03 1.178309046323156650e+01
3.958147284533859549e-03 1.219822966620376548e+01
4.523922332342147391e-03 1.262799496055514936e+01
5.158873670305307371e-03 1.307290164945992572e+01
5.869501027431193660e-03 1.353348319113828602e+01
6.662619792939905410e-03 1.401029183849087367e+01
7.545335284519250410e-03 1.450389930126884508e+01
8.525011034506964000e-03 1.501489743157314827e+01
9.609231151003181509e-03 1.554389893350534457e+01
1.080575696864894200e-02 1.609153809782065281e+01
1.212247837267625000e-02 1.665847156246401894e+01
1.356736035491403793e-02 1.724537909990133500e+01
1.514838553576741166e-02 1.785296443218970452e+01
1.687349355525432845e-02 1.848195607476404234e+01
1.875051839175020593e-02 1.913310820995188877e+01
2.078712480183724301e-02 1.980720159126349245e+01
2.299074518134736414e-02 2.050504447954184073e+01
2.536851821952888081e-02 2.122747361209489370e+01
2.792723074945919343e-02 2.197535520597189063e+01
3.067326418382735481e-02 2.274958599658708636e+01
3.361254686307577066e-02 2.355109431293591626e+01
3.675051353180710384e-02 2.438084119069294786e+01
4.009207300053417578e-02 2.523982152452636996e+01
4.364158484693140411e-02 2.612906526101032512e+01
4.740284576959841178e-02 2.704963863356586273e+01
5.137908593607774799e-02 2.800264544091110963e+01
5.557297537535182269e-02 2.898922837055321367e+01
5.998664016471326466e-02 3.001057036890956198e+01
6.462168786404946796e-02 3.106789605970065082e+01
6.947924136984875987e-02 3.216247321231547573e+01
7.455998010885303562e-02 3.329561426191016693e+01
7.986418727858936306e-02 3.446867788306209945e+01
8.539180167839434399e-02 3.568307061886693532e+01
9.114247256744541226e-02 3.694024856743156704e+01
9.711561594016848709e-02 3.824171912778511739e+01
1.033104706256893074e-01 3.958904280730148884e+01
1.097261526950343291e-01 4.098383509280073866e+01
1.163617067925996618e-01 4.242776838757262681e+01
1.232161531891473871e-01 4.392257401664486594e+01
1.302885295718743397e-01 4.547004430270059316e+01
1.375779268305107605e-01 4.707203471513408033e+01
1.450835183535056083e-01 4.873046609482162239e+01
1.528045826010399622e-01 5.044732695727483218e+01
1.607405189585598970e-01 5.222467587693826374e+01
1.688908570834198597e-01 5.406464395548999136e+01
1.772552601281912055e-01 5.596943737710495981e+01
1.858335223498526201e-01 5.794134005374463925e+01
1.946255616904605246e-01 5.998271636364491144e+01
2.036314079414382194e-01 6.209601398628587532e+01
2.128511870832099362e-01 6.428376683724269469e+01
2.222851023307632068e-01 6.654859810643628748e+01
2.319334123224800204e-01 6.889322340342704365e+01
2.417964067752415569e-01 7.132045401352287683e+01
2.518743798050325222e-01 7.383320026860583596e+01
2.621676009912758953e-01 7.643447503671872312e+01
2.726762841560398387e-01 7.912739733459605418e+01
2.834005537456820156e-01 8.191519606747104376e+01
2.943404086496562710e-01 8.480121390064267928e+01
3.054956832734155303e-01 8.778891126744477447e+01
3.168660057008178543e-01 9.088187051842290032e+01
3.284507528343624805e-01 9.408380021669434257e+01
3.402490024842673710e-01 9.739853958464127004e+01
3.522594824829395899e-01 1.008300631072685434e+02
3.644805170213122891e-01 1.043824852977461006e+02
3.769099705284339463e-01 1.080600656308498628e+02
3.895451895364148154e-01 1.118672136502168257e+02
4.023829430806847851e-01 1.158084942555373686e+02
4.154193622735308788e-01 1.198886331760247117e+02
4.286498797517876991e-01 1.241125226367248757e+02
4.420691697343579474e-01 1.284852272244606581e+02
4.556710894313587557e-01 1.330119899604429463e+02
4.694486225255276035e-01 1.376982385868309393e+02
4.833938254015886504e-01 1.425495920747794969e+02
4.974977767355370784e-01 1.475718673617762988e+02
5.117505309791536838e-01 1.527710863263471026e+02
5.261410761921080370e-01 1.581534830084925147e+02
5.406572965910496631e-01 1.637255110845135562e+02
5.552859401081771118e-01 1.694938516051887518e+02
5.700125911859306171e-01 1.754654210065806410e+02
5.848216489834683340e-01 1.816473794030772524e+02
5.996963111370900990e-01 1.880471391726122761e+02
6.146185632016744060e-01 1.946723738443581055e+02
6.295691739032464040e-01 2.015310272995475600e+02
6.445276963523267622e-01 2.086313232964568272e+02
6.594724754010204970e-01 2.159817753309710326e+02
6.743806613703202668e-01 2.235911968445548439e+02
6.892282304237440371e-01 2.314687117918679462e+02
7.039900119147058932e-01 2.396237655806957889e+02
7.186397230835960270e-01 2.480661363973146365e+02
7.331500115220924707e-01 2.568059469308687426e+02
7.474925058529749977e-01 2.658536765108183317e+02
7.616378750904302386e-01 2.752201736720106169e+02
7.755558971458448303e-01 2.849166691624417354e+02
7.892155369255900998e-01 2.949547894093052491e+02
8.025850344290360594e-01 3.053465704594721046e+02
8.156320031965924588e-01 3.161044724111197866e+02
8.283235393789003531e-01 3.272413943538124386e+02
8.406263416001994448e-01 3.387706898349484845e+02
8.525068416721309772e-01 3.507061828711152316e+02
8.639313460804013411e-01 3.630621845235550609e+02
8.748661880171734184e-01 3.758535100576135051e+02
8.852778895686487237e-01 3.890954967067446546e+02
8.951333334919473472e-01 4.028040220623762480e+02
9.043999438300636129e-01 4.169955231116782670e+02
9.130458744207043953e-01 4.316870159460696641e+02
9.210402041565804998e-01 4.468961161640908131e+02
9.283531376539664315e-01 4.626410599931015213e+02
9.349562097861715548e-01 4.789407261551380088e+02
9.408224923423526009e-01 4.958146585031411746e+02
9.459268008838028763e-01 5.132830894546990521e+02
9.502458996936911095e-01 5.313669642514043971e+02
9.537587025569227439e-01 5.500879660729068519e+02
9.564464669694234811e-01 5.694685420357826615e+02
9.582929792659016233e-01 5.895319301083919754e+02
9.592847280775108620e-01 6.103021869739868634e+02
9.594110634910824054e-01 6.318042168754941486e+02
9.586643392849153456e-01 6.540638014765474963e+02
9.570400356670935027e-01 6.771076307745757958e+02
9.545368600450477858e-01 7.009633351030190624e+02
9.511568235126314219e-01 7.256595182610320762e+02
9.469052909553788977e-01 7.512257918104118062e+02
9.417910029464878763e-01 7.776928105808681266e+02
9.358260679345491440e-01 8.050923094261997903e+02
9.290259236065023796e-01 8.334571412754647781e+02
9.214092667413290583e-01 8.628213165247559573e+02
9.129979513452217699e-01 8.932200438168202936e+02
9.038168553691722229e-01 9.246897722574193494e+02
8.938937168450160620e-01 9.572682351190386498e+02
8.832589408241260376e-01 9.909944950843653260e+02
8.719453790511211277e-01 1.025908991083773344e+03
8.599880848386998178e-01 1.062053586782967159e+03
8.474240461142741321e-01 1.099471620778942224e+03
8.342919000692995413e-01 1.138207958564432147e+03
8.206316332435168448e-01 1.178309046323156736e+03
8.064842712051164542e-01 1.219822966620376519e+03
7.918915622322402204e-01 1.262799496055514965e+03
7.768956595515197350e-01 1.307290164945991364e+03
7.615388067387333093e-01 1.353348319113827074e+03
7.458630308314343482e-01 1.401029183849087531e+03
7.299098475435252809e-01 1.450389930126884565e+03
7.137199827107798544e-01 1.501489743157314933e+03
6.973331137415066383e-01 1.554389893350534294e+03
6.807876344084772269e-01 1.609153809782065309e+03
6.641204458105748332e-01 1.665847156246401710e+03
6.473667757711790705e-01 1.724537909990131766e+03
6.305600283427330588e-01 1.785296443218968534e+03
6.137316644713983749e-01 1.848195607476404348e+03
5.969111142602955278e-01 1.913310820995188578e+03
5.801257206716291526e-01 1.980720159126349245e+03
5.634007139421555177e-01 2.050504447954183888e+03
5.467592154657284764e-01 2.122747361209489100e+03
5.302222694309497442e-01 2.197535520597189134e+03
5.138089000979343401e-01 2.274958599658706135e+03
4.975361922597503761e-01 2.355109431293589296e+03
4.814193921621230943e-01 2.438084119069294502e+03
4.654720259483151601e-01 2.523982152452636910e+03
4.497060325518792978e-01 2.612906526101032341e+03
4.341319078743389737e-01 2.704963863356585989e+03
4.187588570537027488e-01 2.800264544091111020e+03
4.035949516491516009e-01 2.898922837055321452e+03
3.886472886338582788e-01 3.001057036890953441e+03
3.739221481991896190e-01 3.106789605970062439e+03
3.594251475274470309e-01 3.216247321231548085e+03
3.451613878852067274e-01 3.329561426191016380e+03
3.311355926234468838e-01 3.446867788306209604e+03
3.173522339415417171e-01 3.568307061886692281e+03
3.038156465762184011e-01 3.694024856743156761e+03
2.905301269084994420e-01 3.824171912778511341e+03
2.775000163344127913e-01 3.958904280730144819e+03
2.647297681100848066e-01 4.098383509280071848e+03
2.522239972484872084e-01 4.242776838757262340e+03
2.399875134025357959e-01 4.392257401664486679e+03
2.280253370063943241e-01 4.547004430270058947e+03
2.163426992535114335e-01 4.707203471513405930e+03
2.049450267577765106e-01 4.873046609482161330e+03
1.938379119674654427e-01 5.044732695727483588e+03
1.830270705777514439e-01 5.222467587693821770e+03
1.725182873173094211e-01 5.406464395548996436e+03
1.623173515719812388e-01 5.596943737710495952e+03
1.524299843604020599e-01 5.794134005374463413e+03
1.428617582016791787e-01 5.998271636364491314e+03
1.336180114232485561e-01 6.209601398628585230e+03
1.247037584572675273e-01 6.428376683724270151e+03
1.161235976742843318e-01 6.654859810643629316e+03
1.078816183090091363e-01 6.889322340342696407e+03
9.998130804739754907e-02 7.132045401352284898e+03
9.242546286611977302e-02 7.383320026860584221e+03
8.521610074076435559e-02 7.643447503671872255e+03
7.835438086094304033e-02 7.912739733459606214e+03
7.184052999984122390e-02 8.191519606747099715e+03
6.567377767270263234e-02 8.480121390064266961e+03
5.985230167328535467e-02 8.778891126744476423e+03
5.437318549062037515e-02 9.088187051842280198e+03
4.923238897376008144e-02 9.408380021669428970e+03
4.442473342573848710e-02 9.739853958464125753e+03
3.994390206916989539e-02 1.008300631072685428e+04
3.578245653780667834e-02 1.043824852977460978e+04
3.193186971734220114e-02 1.080600656308498037e+04
2.838257489420717775e-02 1.118672136502168360e+04
2.512403078490772768e-02 1.158084942555373527e+04
2.214480162412259603e-02 1.198886331760245776e+04
1.943265110179301716e-02 1.241125226367248251e+04
1.697464857237202668e-02 1.284852272244606866e+04
1.475728562723947063e-02 1.330119899604429338e+04
1.276660083677197237e-02 1.376982385868309393e+04
1.098831024263371633e-02 1.425495920747794298e+04
9.407941022303016598e-03 1.475718673617762943e+04
8.010965662972352463e-03 1.527710863263470856e+04
6.782933974393856071e-03 1.581534830084923669e+04
5.709600340891230613e-03 1.637255110845134550e+04
4.777043759754007017e-03 1.694938516051887564e+04
3.971778432012570276e-03 1.754654210065806546e+04
3.280852955034944691e-03 1.816473794030772478e+04
2.691936504986392788e-03 1.880471391726121874e+04
2.193390779358259275e-03 1.946723738443581169e+04
1.774326882173884621e-03 2.015310272995475680e+04
1.424646762498556814e-03 2.086313232964566123e+04
1.135069245152707648e-03 2.159817753309708860e+04
8.971411055496244418e-04 2.235911968445548700e+04
7.032340233900587255e-04 2.314687117918679360e+04
5.465285888286892674e-04 2.396237655806957628e+04
4.209868178923316991e-04 2.480661363973145126e+04
3.213148521474335699e-04 2.568059469308687767e+04
2.429176647245933675e-04 2.658536765108183317e+04
1.818476680747460866e-04 2.752201736720103509e+04
1.347491190992826621e-04 2.849166691624416490e+04
9.880014891972112117e-05 2.949547894093052309e+04
7.165411510198897726e-05 3.053465704594721319e+04
5.138179389932003775e-05 3.161044724111197866e+04
3.641571130987832447e-05 3.272413943538124295e+04
2.549766793356248354e-05 3.387706898349481344e+04
1.763025753403000943e-05 3.507061828711152339e+04
1.203292607177555506e-05 3.630621845235546789e+04
8.102878609086804543e-06 3.758535100576135301e+04
5.380925715133850492e-06 3.890954967067446705e+04
3.522176158200217457e-06 4.028040220623758069e+04
2.271333386528809814e-06 4.169955231116781943e+04
1.442241471437468077e-06 4.316870159460696595e+04
9.012512009297891901e-07 4.468961161640912906e+04
5.539361168767012707e-07 4.626410599931015167e+04
3.346771004826854227e-07 4.789407261551375268e+04
1.986471844602908038e-07 4.958146585031411814e+04
1.157596746005902276e-07 5.132830894546991476e+04
6.618650434576125424e-08 5.313669642514039151e+04
3.710459914716126916e-08 5.500879660729067837e+04
2.038125062433682769e-08 5.694685420357827388e+04
1.096141739525546279e-08 5.895319301083913888e+04
5.767829649666210514e-09 6.103021869739867543e+04
2.967109698637252626e-09 6.318042168754935119e+04
1.491022212933283169e-09 6.540638014765475236e+04
7.313169269404108953e-10 6.771076307745758095e+04
3.498059434748932260e-10 7.009633351030183258e+04
1.630289623979621374e-10 7.256595182610320626e+04
7.396407186130888270e-11 7.512257918104119017e+04
3.263501113707397871e-11 7.776928105808688269e+04
1.399031726809360547e-11 8.050923094261997903e+04
5.821181417090986946e-12 8.334571412754638004e+04
2.348431332555290281e-12 8.628213165247559664e+04
9.176034963078052700e-13 8.932200438168203982e+04
3.468593149417208513e-13 9.246897722574183717e+04
1.266969555603362612e-13 9.572682351190385816e+04
4.466517801173275124e-14 9.909944950843653351e+04
1.517815951915611584e-14 1.025908991083772271e+05
4.965400265075866070e-15 1.062053586782967177e+05
1.561682238143037165e-15 1.099471620778941142e+05
4.715546020012072928e-16 1.138207958564432047e+05
1.365050262553957412e-16 1.178309046323156799e+05
3.782658168658479639e-17 1.219822966620375519e+05
1.001864679290693801e-17 1.262799496055514901e+05
2.532169199834990627e-18 1.307290164945991273e+05
6.097219956373692051e-19 1.353348319113828766e+05
1.396320299156651778e-19 1.401029183849087567e+05
3.035880914519142731e-20 1.450389930126882973e+05
6.255129466463064972e-21 1.501489743157314660e+05
1.219037791831940116e-21 1.554389893350534257e+05
2.242723608284044805e-22 1.609153809782063763e+05
3.887142654499594659e-23 1.665847156246401719e+05
6.333863558202253939e-24 1.724537909990131739e+05
9.681566561390463272e-25 1.785296443218966888e+05
1.385106588690721674e-25 1.848195607476404402e+05
1.850413734053694812e-26 1.913310820995186805e+05
2.302790170814812170e-27 1.980720159126349317e+05
2.662898565393838567e-28 2.050504447954184143e+05
2.853949200379182930e-29 2.122747361209486844e+05
2.827263317379136827e-30 2.197535520597189025e+05
2.581729620272241060e-31 2.274958599658706516e+05
2.166872675928558203e-32 2.355109431293591915e+05
1.666648103100988370e-33 2.438084119069294538e+05
1.171134038489444798e-34 2.523982152452634182e+05
7.494431538140657223e-36 2.612906526101031923e+05
4.353200826907685425e-37 2.704963863356586080e+05
2.287360940517868552e-38 2.800264544091108255e+05
1.083384348486856486e-39 2.898922837055321434e+05
4.608547723344295303e-41 3.001057036890953314e+05
1.754022497254417885e-42 3.106789605970059056e+05
5.949681319618977417e-44 3.216247321231547394e+05
1.791338641069826281e-45 3.329561426191013306e+05
4.767196122614573714e-47 3.446867788306209841e+05
1.116506622051897682e-48 3.568307061886691954e+05
2.290960700792903262e-50 3.694024856743153068e+05
4.099286248810055347e-52 3.824171912778511178e+05
6.365580856842217291e-54 3.958904280730144819e+05
8.535679947823715707e-56 4.098383509280075668e+05
9.832482572740978698e-58 4.242776838757262449e+05
9.678071145005167744e-60 4.392257401664482313e+05
8.094847791495445942e-62 4.547004430270059383e+05
5.720470184970264881e-64 4.707203471513405675e+05
3.395307195112182753e-66 4.873046609482157510e+05
1.682213124612162264e-68 5.044732695727483951e+05
6.913115059409785134e-71 5.222467587693821406e+05
2.340972084297000422e-73 5.406464395548989996e+05
6.487635168006394013e-76 5.596943737710495479e+05
1.461093596745609857e-78 5.794134005374457920e+05
2.654585737277089432e-81 5.998271636364491424e+05
3.861503271186252396e-84 6.209601398628584575e+05
4.462261744229353379e-87 6.428376683724262984e+05
4.063224841682970381e-90 6.654859810643629171e+05
2.891065724341547101e-93 6.889322340342696989e+05
1.593463193091916500e-96 7.132045401352292392e+05
6.742419318963119523e-100 7.383320026860584039e+05
2.169872213230859119e-103 7.643447503671864979e+05
5.260290787462799784e-107 7.912739733459606068e+05
9.510591408610184383e-111 8.191519606747101061e+05
1.269228238920908719e-114 8.480121390064257430e+05
1.236973798457863923e-118 8.778891126744477078e+05
8.706834856520617043e-123 9.088187051842281362e+05
4.375827140179775971e-127 9.408380021669419948e+05
1.551692440267036970e-131 9.739853958464127500e+05
3.834959317276529622e-136 1.008300631072684424e+06
6.522311026691278009e-141 1.043824852977460949e+06
7.533716133227586945e-146 1.080600656308498001e+06
5.829937539022723696e-151 1.118672136502167210e+06
2.980140759620032729e-156 1.158084942555373767e+06
9.917067703506394337e-162 1.198886331760246074e+06
2.116095540034471843e-167 1.241125226367249619e+06
2.850317368856920577e-173 1.284852272244606633e+06
2.384613626308036488e-179 1.330119899604428094e+06
1.218491710349853279e-185 1.376982385868309299e+06
3.737343843565725528e-192 1.425495920747794444e+06
6.758181207634033472e-199 1.475718673617761349e+06
7.071933088873636907e-206 1.527710863263471052e+06
4.200668216495995496e-213 1.581534830084923655e+06
1.388372692757276596e-220 1.637255110845133197e+06
2.501102222624103172e-228 1.694938516051887535e+06
2.403857669108430781e-236 1.754654210065804655e+06
1.205660586630311999e-244 1.816473794030772289e+06
3.084102349442793408e-253 1.880471391726121772e+06
3.929322629788346788e-262 1.946723738443579059e+06
2.432913147425324823e-271 2.015310272995475680e+06
7.136981914273614965e-281 2.086313232964566210e+06
9.661659698586110140e-291 2.159817753309711348e+06
5.873614037287436299e-301 2.235911968445548322e+06
1.558928133867288677e-311 2.314687117918676697e+06
0.000000000000000000e+00 2.396237655806957744e+06
0.000000000000000000e+00 2.480661363973144908e+06
0.000000000000000000e+00 2.568059469308685046e+06
0.000000000000000000e+00 2.658536765108183492e+06
0.000000000000000000e+00 2.752201736720103305e+06
0.000000000000000000e+00 2.849166691624413244e+06
0.000000000000000000e+00 2.949547894093052018e+06
0.000000000000000000e+00 3.053465704594717827e+06
0.000000000000000000e+00 3.161044724111197982e+06
