3.337625380160366516e-10 4.087735016496186979e+00
4.628702526175409309e-10 4.231753180661615765e+00
6.420109122487177502e-10 4.380845360516876674e+00
8.900387218159494532e-10 4.535190322645819450e+00
1.232688870990957764e-09 4.694973131896531982e+00
1.704990145601974122e-09 4.860385373280349697e+00
2.354490437150848447e-09 5.031625381688798804e+00
3.245550208665352902e-09 5.208898479703876205e+00
4.465031553269279082e-09 5.392417223786769576e+00
6.129822590313854650e-09 5.582401659140280969e+00
8.396733944778592197e-09 5.779079583550497112e+00
1.147548780034686678e-08 5.982686820524048876e+00
1.564567123383830220e-08 6.193467502048536133e+00
2.127881368821598830e-08 6.411674361315022885e+00
2.886697983755788742e-08 6.637569035753730695e+00
3.905967611859464762e-08 6.871422380746216696e+00
5.271127206826197030e-08 7.113514794390130902e+00
7.094167739272179063e-08 7.364136553706079447e+00
9.521362486560510486e-08 7.623588162689615366e+00
1.274306673140233380e-07 7.892180712625720851e+00
1.700608792571047952e-07 8.170236255097849565e+00
2.262922551964565313e-07 8.458088188138654928e+00
3.002270267245269367e-07 8.756081655985575196e+00
3.971234437247839584e-07 9.064573962920512429e+00
5.236951732178167699e-07 9.383935001689735600e+00
6.884801810839038574e-07 9.714547697017886563e+00
9.022929530315705921e-07 1.005680846474769474e+01
1.178776058069141412e-06 1.041112768715603387e+01
1.535069418471435404e-06 1.077793020501622756e+01
1.992618194977691086e-06 1.115765582699649983e+01
2.578142869284158703e-06 1.155075985700553076e+01
3.324797952266852332e-06 1.195771364011732274e+01
4.273548599690258625e-06 1.237900512772987582e+01
5.474797350398211785e-06 1.281513946263552128e+01
6.990296040296851003e-06 1.326663958470426508e+01
8.895380650171209392e-06 1.373404685790642255e+01
1.128156928164005660e-05 1.421792171942644778e+01
1.425956557292000470e-05 1.471884435164606586e+01
1.796271136555773268e-05 1.523741537780266420e+01
2.255093335079769371e-05 1.577425658215700111e+01
2.821522839274430241e-05 1.633001165553354284e+01
3.518273110637555010e-05 1.690534696712764884e+01
4.372240482607877275e-05 1.750095236350488648e+01
5.415139299361276728e-05 1.811754199575040758e+01
6.684206194595333924e-05 1.875585517576043770e+01
8.222975781521143634e-05 1.941665726270221626e+01
1.008212892447609983e-04 2.010074058070567560e+01
1.232041337945774084e-04 2.080892536888700306e+01
1.500563486216633313e-04 2.154206076484310017e+01
1.821571452947168073e-04 2.230102582279641155e+01
2.203980640482727208e-04 2.308673056761079323e+01
2.657946544882431390e-04 2.390011708594217055e+01
3.194985378800854520e-04 2.474216065583251023e+01
3.828096910718731889e-04 2.561387091610114197e+01
4.571887546366019332e-04 2.651629307693605853e+01
5.442691290340470134e-04 2.745050917313647076e+01
6.458685840029906779e-04 2.841763936150910652e+01
7.640000699474711315e-04 2.941884326397433824e+01
9.008813879965986860e-04 3.045532135799220796e+01
1.058943350351685938e-03 3.152831641597560264e+01
1.240836047242391575e-03 3.263911499541669059e+01
1.449432834114262533e-03 3.378904898151282765e+01
1.687831665230418157e-03 3.497949718414221110e+01
1.959353429975899986e-03 3.621188699110381748e+01
2.267536997402931197e-03 3.748769607960362293e+01
2.616130743690641986e-03 3.880845418803985325e+01
3.009080425937098874e-03 4.017574495021121805e+01
3.450513372328971144e-03 4.159120779414752889e+01
3.944719080432788211e-03 4.305653990783972773e+01
4.496126447742648975e-03 4.457349827422565625e+01
5.109277996309334255e-03 4.614390177787232261e+01
5.788801589739098370e-03 4.776963338588031860e+01
6.539380269046740635e-03 4.945264240562519831e+01
7.365720946487705131e-03 5.119494682204313563e+01
8.272522786512465434e-03 5.299863571726341860e+01
9.264446164221668348e-03 5.486587177548886984e+01
1.034608311919179950e-02 5.679889387612753637e+01
1.152193021307841569e-02 5.880001977828508331e+01
1.279636465183963540e-02 6.087164889983660032e+01
1.417362444886654735e-02 6.301626519441021657e+01
1.565779328705061563e-02 6.523644012973169026e+01
1.725279059146053381e-02 6.753483577090145218e+01
1.896236715696413000e-02 6.991420797230107098e+01
2.079010649550415424e-02 7.237740968195622315e+01
2.273943188499789533e-02 7.492739436231818217e+01
2.481361892523843357e-02 7.756721953156548466e+01
2.701581324434878736e-02 8.030005042967198392e+01
2.934905285941397102e-02 8.312916381363717733e+01
3.181629458233972696e-02 8.605795188642890992e+01
3.442044377984448955e-02 8.908992636434987844e+01
3.716438674558925070e-02 9.222872268770464643e+01
4.005102492123822910e-02 9.547810437981604537e+01
4.308331020822350060e-02 9.884196755961741587e+01
4.626428063810064661e-02 1.023243456132312161e+02
4.959709571057965144e-02 1.059294140301360017e+02
5.308507075846227025e-02 1.096614954097201604e+02
5.673170975176871494e-02 1.135250646442251679e+02
6.054073600450066150e-02 1.175247542842931381e+02
6.451612029303527285e-02 1.216653600935524366e+02
6.866210593317183253e-02 1.259518467989010588e+02
7.298323039287622771e-02 1.303893540433826672e+02
7.748434304092677305e-02 1.349832025487929457e+02
8.217061865019335831e-02 1.397389004954054599e+02
8.704756629117642308e-02 1.446621501264673100e+02
9.212103326999808439e-02 1.497588545853819255e+02
9.739720378847972759e-02 1.550351249937781972e+02
1.028825920347628819e-01 1.604972877789529662e+02
1.085840294529841904e-01 1.661518922594722767e+02
1.145086459903752463e-01 1.720057184980262832e+02
1.206638451793931172e-01 1.780657854309544632e+02
1.270572729795548528e-01 1.843393592841887596e+02
1.336967803759428197e-01 1.908339622857051836e+02
1.405903798056422072e-01 1.975573816849301920e+02
1.477461955558836970e-01 2.045176790899170953e+02
1.551724083445451263e-01 2.117232001334877225e+02
1.628771943511173881e-01 2.191825844799296306e+02
1.708686590112058756e-01 2.269047761842467423e+02
1.791547659175498630e-01 2.348990344163845521e+02
1.877432611842053678e-01 2.431749445632893867e+02
1.966415936276677545e-01 2.517424297221129166e+02
2.058568311006220286e-01 2.606117625983421249e+02
2.153955732830250269e-01 2.697935778231218933e+02
2.252638611951351122e-01 2.792988847045382954e+02
2.354670836524768995e-01 2.891390804281537044e+02
2.460098808389968861e-01 2.993259637226182690e+02
2.568960451374946441e-01 3.098717490067460290e+02
2.681284193315891518e-01 3.207890810350177162e+02
2.797087922862118159e-01 3.320910500590708239e+02
2.916377922284594804e-01 3.437912075233558085e+02
3.039147777910171655e-01 3.559035823137768375e+02
3.165377270482999106e-01 3.684426975788028358e+02
3.295031248716304151e-01 3.814235881432160795e+02
3.428058490532409630e-01 3.948618185353762442e+02
3.564390557973225460e-01 4.087735016496187086e+02
3.703940653461218480e-01 4.231753180661611395e+02
3.846602486955039146e-01 4.380845360516872233e+02
3.992249165519136112e-01 4.535190322645819379e+02
4.140732118852807342e-01 4.694973131896531982e+02
4.291880076337760697e-01 4.860385373280349768e+02
4.445498113100950222e-01 5.031625381688798484e+02
4.601366784389339104e-01 5.208898479703876774e+02
4.759241369155580714e-01 5.392417223786769682e+02
4.918851245102322522e-01 5.582401659140275569e+02
5.079899418474268513e-01 5.779079583550490042e+02
5.242062232571410574e-01 5.982686820524048699e+02
5.404989279235716815e-01 6.193467502048537199e+02
5.568303537390492108e-01 6.411674361315024271e+02
5.731601762042897175e-01 6.637569035753730304e+02
5.894455145952477437e-01 6.871422380746215595e+02
6.056410274383240422e-01 7.113514794390130191e+02
6.216990390957902735e-01 7.364136553706072164e+02
6.375696989593030439e-01 7.623588162689608225e+02
6.532011743792278669e-01 7.892180712625721526e+02
6.685398780207506553e-01 8.170236255097848925e+02
6.835307298351521732e-01 8.458088188138655141e+02
6.981174532692938639e-01 8.756081655985575480e+02
7.122429047133846947e-01 9.064573962920511576e+02
7.258494345143363669e-01 9.383935001689736737e+02
7.388792771700594120e-01 9.714547697017876544e+02
7.512749675822804063e-01 1.005680846474768600e+03
7.629797794984014558e-01 1.041112768715603352e+03
7.739381815355276251e-01 1.077793020501622777e+03
7.840963054737275506e-01 1.115765582699649940e+03
7.934024208543020151e-01 1.155075985700553019e+03
8.018074093472135067e-01 1.195771364011732430e+03
8.092652318851448756e-01 1.237900512772987668e+03
8.157333812248560578e-01 1.281513946263550679e+03
8.211733124128069994e-01 1.326663958470425086e+03
8.255508436220054813e-01 1.373404685790642134e+03
8.288365200072039807e-01 1.421792171942644927e+03
8.310059336071805580e-01 1.471884435164606430e+03
8.320399929107944459e-01 1.523741537780266526e+03
8.319251364953412775e-01 1.577425658215700196e+03
8.306534861309066153e-01 1.633001165553354213e+03
8.282229359038977279e-01 1.690534696712763434e+03
8.246371752192175331e-01 1.750095236350487085e+03
8.199056449581182404e-01 1.811754199575040730e+03
8.140434275549710552e-01 1.875585517576043685e+03
8.070710732627166539e-01 1.941665726270221739e+03
7.990143663514654992e-01 2.010074058070567162e+03
7.899040363738939474e-01 2.080892536888700306e+03
7.797754208819589472e-01 2.154206076484309961e+03
7.686680870428825862e-01 2.230102582279638682e+03
7.566254204354613266e-01 2.308673056761076623e+03
7.436941898763250736e-01 2.390011708594216998e+03
7.299240974063950782e-01 2.474216065583250838e+03
7.153673225494019405e-01 2.561387091610114112e+03
7.000780696389714564e-01 2.651629307693605824e+03
6.841121264138992908e-01 2.745050917313647005e+03
6.675264412308841155e-01 2.841763936150910922e+03
6.503787251793772262e-01 2.941884326397430868e+03
6.327270841528335188e-01 3.045532135799217940e+03
6.146296845893411964e-01 3.152831641597560065e+03
5.961444552008133835e-01 3.263911499541668945e+03
5.773288256225377335e-01 3.378904898151282850e+03
5.582395015900938340e-01 3.497949718414221024e+03
5.389322750393703565e-01 3.621188699110382004e+03
5.194618664709172995e-01 3.748769607960362464e+03
4.998817960559208684e-01 3.880845418803981829e+03
4.802442793112283170e-01 4.017574495021117400e+03
4.606001427474873955e-01 4.159120779414753088e+03
4.409987546995071672e-01 4.305653990783973313e+03
4.214879665733117231e-01 4.457349827422565795e+03
4.021140599731253262e-01 4.614390177787230641e+03
3.829216955795610167e-01 4.776963338588032457e+03
3.639538602078028484e-01 4.945264240562519262e+03
3.452518091479132023e-01 5.119494682204308447e+03
3.268550016428871663e-01 5.299863571726339615e+03
3.088010281575520599e-01 5.486587177548886757e+03
2.911255288978964462e-01 5.679889387612754035e+03
2.738621038234516081e-01 5.880001977828508643e+03
2.570422151260700616e-01 6.087164889983656394e+03
2.406950838025791461e-01 6.301626519441021628e+03
2.248475825072296375e-01 6.523644012973169083e+03
2.095241273189317188e-01 6.753483577090139079e+03
1.947465713899768358e-01 6.991420797230103744e+03
1.805341036544145794e-01 7.237740968195621463e+03
1.669031558674729243e-01 7.492739436231818217e+03
1.538673212283935277e-01 7.756721953156548807e+03
1.414372877168524056e-01 8.030005042967194640e+03
1.296207890590239942e-01 8.312916381363716937e+03
1.184225759457451926e-01 8.605795188642892754e+03
1.078444097647938277e-01 8.908992636434979431e+03
9.788508069435220005e-02 9.222872268770459414e+03
8.854045154658975181e-02 9.547810437981604991e+03
7.980352825918166082e-02 9.884196755961740564e+03
7.166455741758283315e-02 1.023243456132312167e+04
6.411115066012265662e-02 1.059294140301359403e+04
5.712843527917652042e-02 1.096614954097201553e+04
5.069922979247813016e-02 1.135250646442251673e+04
4.480424272721920953e-02 1.175247542842930307e+04
3.942229234509438129e-02 1.216653600935523718e+04
3.453054454919655958e-02 1.259518467989010605e+04
3.010476576530121684e-02 1.303893540433826820e+04
2.611958719338580703e-02 1.349832025487929241e+04
2.254877649372340892e-02 1.397389004954053780e+04
1.936551271923669243e-02 1.446621501264673316e+04
1.654266014498275220e-02 1.497588545853819051e+04
1.405303658806646844e-02 1.550351249937780267e+04
1.186967186584538154e-02 1.604972877789529048e+04
9.966052212424992077e-03 1.661518922594722972e+04
8.316346764376961534e-03 1.720057184980262900e+04
6.895612632757574384e-03 1.780657854309544564e+04
5.679975591119391584e-03 1.843393592841886857e+04
4.646784014409924800e-03 1.908339622857051654e+04
3.774734382687255224e-03 1.975573816849301875e+04
3.043967393504397757e-03 2.045176790899169282e+04
2.436134481425351796e-03 2.117232001334875895e+04
1.934435294217752566e-03 2.191825844799296465e+04
1.523627394011177038e-03 2.269047761842467298e+04
1.190010110255941122e-03 2.348990344163845657e+04
9.213850443041899166e-04 2.431749445632892821e+04
7.069961914651128531e-04 2.517424297221129018e+04
5.374529892808206774e-04 2.606117625983421749e+04
4.046398105269438878e-04 2.697935778231215590e+04
3.016154928210492466e-04 2.792988847045381408e+04
2.225064373828479578e-04 2.891390804281537203e+04
1.623966276883473251e-04 2.993259637226182895e+04
1.172176305920410809e-04 3.098717490067459948e+04
8.364126875113596382e-05 3.207890810350175161e+04
5.897721791894389799e-05 3.320910500590709125e+04
4.107731153736382475e-05 3.437912075233558426e+04
2.824785362196290239e-05 3.559035823137764964e+04
1.917077306532651037e-05 3.684426975788027630e+04
1.283401894121893034e-05 3.814235881432160386e+04
8.471213728448466810e-06 3.948618185353762965e+04
5.510261247310928140e-06 4.087735016496187018e+04
3.530355010292155395e-06 4.231753180661610531e+04
2.226652128206256957e-06 4.380845360516868095e+04
1.381764912555007364e-06 4.535190322645819106e+04
8.431702660573791346e-07 4.694973131896527775e+04
5.056366258415039988e-07 4.860385373280349449e+04
2.978088555070672942e-07 5.031625381688798370e+04
1.721618310489081844e-07 5.208898479703871271e+04
9.762273031920207656e-08 5.392417223786769318e+04
5.426057767634353909e-08 5.582401659140275297e+04
2.954142422155255732e-08 5.779079583550496318e+04
1.574256118287262307e-08 5.982686820524049108e+04
8.205187915158868919e-09 6.193467502048530878e+04
4.179569429794971308e-09 6.411674361315023998e+04
2.078993642821487588e-09 6.637569035753731441e+04
1.008996692594824088e-09 6.871422380746209819e+04
4.773806760405629852e-10 7.113514794390130555e+04
2.199827986748775321e-10 7.364136553706071572e+04
9.864111205516219702e-11 7.623588162689599267e+04
4.299865639595745850e-11 7.892180712625720480e+04
1.820317414172972004e-11 8.170236255097840331e+04
7.476305976629110180e-12 8.458088188138655096e+04
2.975852053944469376e-12 8.756081655985575344e+04
1.146674690616898014e-12 9.064573962920502527e+04
4.272451425197572524e-13 9.383935001689736964e+04
1.537474620499068661e-13 9.714547697017877363e+04
5.337040245728609523e-14 1.005680846474769496e+05
1.784858268666616547e-14 1.041112768715603306e+05
5.743112878830753352e-15 1.077793020501621504e+05
1.775582500216185453e-15 1.115765582699649967e+05
5.267117073086521454e-16 1.155075985700553138e+05
1.496962383530909056e-16 1.195771364011731057e+05
4.070047675427021984e-17 1.237900512772987568e+05
1.056965013103460178e-17 1.281513946263550897e+05
2.617532920303030385e-18 1.326663958470423822e+05
6.171167036067940353e-19 1.373404685790642106e+05
1.382718062307260452e-19 1.421792171942643472e+05
2.939085516439162513e-20 1.471884435164606548e+05
5.915571193653709703e-21 1.523741537780266663e+05
1.125258334871550476e-21 1.577425658215698786e+05
2.018899426397270390e-22 1.633001165553354076e+05
3.409489675811788075e-23 1.690534696712763398e+05
5.408167817948418137e-24 1.750095236350488849e+05
8.039670122205512850e-25 1.811754199575040839e+05
1.117534694662034376e-25 1.875585517576041748e+05
1.449075358448335807e-26 1.941665726270221639e+05
1.748494825805111384e-27 2.010074058070567262e+05
1.958303187155691344e-28 2.080892536888698232e+05
2.030475185471299385e-29 2.154206076484309742e+05
1.943736680781956300e-30 2.230102582279638737e+05
1.713079015209256119e-31 2.308673056761074695e+05
1.385966609368849311e-32 2.390011708594217198e+05
1.026252369093832460e-33 2.474216065583248273e+05
6.933078296699802831e-35 2.561387091610114148e+05
4.259565498209099585e-36 2.651629307693605660e+05
2.372023884550199361e-37 2.745050917313644313e+05
1.193118259567327806e-38 2.841763936150910449e+05
5.401342736002364649e-40 2.941884326397430850e+05
2.192613425261439349e-41 3.045532135799220996e+05
7.950528309842619373e-43 3.152831641597559792e+05
2.564934070167141689e-44 3.263911499541664962e+05
7.331867028965939236e-46 3.378904898151282687e+05
1.849098161167570014e-47 3.497949718414220843e+05
4.096340082325596723e-49 3.621188699110377929e+05
7.934851741307527846e-51 3.748769607960362337e+05
1.337625771300520256e-52 3.880845418803981738e+05
1.952797928488011210e-54 4.017574495021113544e+05
2.456438026878565384e-56 4.159120779414752615e+05
2.648509651986763420e-58 4.305653990783969057e+05
2.434364944891273298e-60 4.457349827422565431e+05
1.896776747013034145e-62 4.614390177787230350e+05
1.245561418982446341e-64 4.776963338588027400e+05
6.851969243280239394e-67 4.945264240562519408e+05
3.138034485032742467e-69 5.119494682204308338e+05
1.188741266426880983e-71 5.299863571726344526e+05
3.699991631516633499e-74 5.486587177548886975e+05
9.397061680256752430e-77 5.679889387612747960e+05
1.933524159608667001e-79 5.880001977828508243e+05
3.199277729565150021e-82 6.087164889983657049e+05
4.224392148432652353e-85 6.301626519441015553e+05
4.416051108628687549e-88 6.523644012973168865e+05
3.624829127632603212e-91 6.753483577090138569e+05
2.316459202932510432e-94 6.991420797230096068e+05
1.142392050298687142e-97 7.237740968195621390e+05
4.308180310073822679e-101 7.492739436231810832e+05
1.230710300313640640e-104 7.756721953156548552e+05
2.637251342800701515e-108 8.030005042967194458e+05
4.196446309547275215e-112 8.312916381363709224e+05
4.906728492971148076e-116 8.605795188642891590e+05
4.170305615565925632e-120 8.908992636434979504e+05
2.547583458817251595e-124 9.222872268770468654e+05
1.105658130391828586e-128 9.547810437981605064e+05
3.368328333863993870e-133 9.884196755961731542e+05
7.113674669914554001e-138 1.023243456132312189e+06
1.028143512385717676e-142 1.059294140301359585e+06
1.003437356803206026e-147 1.096614954097200418e+06
6.522224469965389059e-153 1.135250646442251513e+06
2.783240053460517016e-158 1.175247542842930416e+06
7.682744872101587514e-164 1.216653600935522467e+06
1.350913394821515455e-169 1.259518467989010736e+06
1.489305001632632403e-175 1.303893540433825459e+06
1.012608140946695777e-181 1.349832025487929350e+06
4.174512013208007342e-188 1.397389004954054020e+06
1.025229077290311541e-194 1.446621501264671795e+06
1.472860644780575052e-201 1.497588545853819232e+06
1.214572274150617633e-208 1.550351249937780434e+06
5.637835341422296635e-216 1.604972877789530903e+06
1.443563336517286108e-223 1.661518922594722826e+06
1.996599932281670851e-231 1.720057184980260907e+06
1.459669832633205594e-239 1.780657854309544666e+06
5.515326163999500786e-248 1.843393592841886915e+06
1.052305096161430216e-256 1.908339622857050039e+06
9.897172942869483046e-266 1.975573816849302268e+06
4.475653133750165940e-275 2.045176790899169166e+06
9.483592859776632821e-285 2.117232001334873959e+06
9.167718813451448524e-295 2.191825844799295999e+06
3.932906232203373176e-305 2.269047761842465028e+06
7.276046911216909846e-316 2.348990344163845293e+06
0.000000000000000000e+00 2.431749445632892661e+06
0.000000000000000000e+00 2.517424297221126501e+06
0.000000000000000000e+00 2.606117625983421691e+06
0.000000000000000000e+00 2.697935778231216129e+06
0.000000000000000000e+00 2.792988847045384347e+06
0.000000000000000000e+00 2.891390804281536955e+06
0.000000000000000000e+00 2.993259637226179708e+06
0.000000000000000000e+00 3.098717490067460109e+06
0.000000000000000000e+00 3.207890810350175016e+06
0.000000000000000000e+00 3.320910500590705313e+06
0.000000000000000000e+00 3.437912075233558659e+06
0.000000000000000000e+00 3.559035823137764819e+06
0.000000000000000000e+00 3.684426975788023323e+06
0.000000000000000000e+00 3.814235881432160735e+06
0.000000000000000000e+00 3.948618185353758279e+06
0.000000000000000000e+00 4.087735016496186610e+06
