1.051376137458684109e-03 2.446692735235866056e+00
1.188733721793745410e-03 2.532894065455062904e+00
1.342635385437262411e-03 2.622132421625473331e+00
1.514833710232690953e-03 2.714514803564905154e+00
1.707228031539523468e-03 2.810151980884777245e+00
1.921870713502359411e-03 2.909158625806631537e+00
2.160972744435418411e-03 3.011653450658024145e+00
2.426908476950209552e-03 3.117759350212643721e+00
2.722219326227564174e-03 3.227603549045301445e+00
3.049616231094399044e-03 3.341317754078522828e+00
3.411980677038119365e-03 3.459038312503617263e+00
3.812364078739061655e-03 3.580906375265581421e+00
4.253985322811890991e-03 3.707068066307892984e+00
4.740226280012168995e-03 3.837674657780049792e+00
5.274625110800279341e-03 3.972882751418027603e+00
5.860867209482648749e-03 4.112854466315084778e+00
6.502773660565554399e-03 4.257757633308036027e+00
7.204287116825524272e-03 4.407765996212137161e+00
7.969455051821750305e-03 4.563059420145813228e+00
8.802410390140524149e-03 4.723824107195032873e+00
9.707349575853377668e-03 4.890252819675950491e+00
1.068850820285308437e-02 5.062545111263437647e+00
1.175013439855620082e-02 5.240907566262722916e+00
1.289646022350178153e-02 5.425554047311004879e+00
1.413167142172956983e-02 5.616705951805978536e+00
1.545987592822180637e-02 5.814592477368853984e+00
1.688507160778750238e-02 6.019450896660073269e+00
1.841111376180206566e-02 6.231526841877279566e+00
2.004168299242281570e-02 6.451074599276685362e+00
2.178025405553917632e-02 6.678357414070881681e+00
2.363006636107714553e-02 6.913647806068808244e+00
2.559409678992098994e-02 7.157227896436268999e+00
2.767503548870842503e-02 7.409389745968744556e+00
2.987526527542723812e-02 7.670435705282228511e+00
3.219684523939261855e-02 7.940678777341870997e+00
3.464149904854830347e-02 8.220442992763144829e+00
3.721060838596716713e-02 8.510063798335588459e+00
3.990521182735526362e-02 8.809888459234839431e+00
4.272600934493476360e-02 9.120276475405393768e+00
4.567337248346643036e-02 9.441600012613264425e+00
4.874736010556120908e-02 9.774244348685316552e+00
5.194773945046155667e-02 1.011860833547048699e+01
5.527401209842278118e-02 1.047510487707669036e+01
5.872544428707306141e-02 1.084416142495683388e+01
6.230110089222394565e-02 1.122622049043767589e+01
6.599988226880508513e-02 1.162174017530584358e+01
6.982056305274193797e-02 1.203119472108747345e+01
7.376183195575575224e-02 1.245507507767991484e+01
7.782233154548788556e-02 1.289388949201726398e+01
8.200069699506019882e-02 1.334816411747572218e+01
8.629559280995383053e-02 1.381844364474935638e+01
9.070574659551888796e-02 1.430529195495269157e+01
9.522997901345135741e-02 1.480929279573338775e+01
9.986722918714345532e-02 1.533105048120537006e+01
1.046165749495400893e-01 1.587119061654202667e+01
1.094772474775851379e-01 1.643036084809807917e+01
1.144486400185966979e-01 1.700923163995945586e+01
1.195303105793958237e-01 1.760849707785254026e+01
1.247219786122233387e-01 1.822887570137650926e+01
1.300235158861904605e-01 1.887111136555667912e+01
1.354349318735789676e-01 1.953597413275198846e+01
1.409563541020657784e-01 2.022426119598581806e+01
1.465880040234669723e-01 2.093679783480750700e+01
1.523301690247580165e-01 2.167443840483062090e+01
1.581831712573188442e-01 2.243806736213421260e+01
1.641473339864172598e-01 2.322860032375574946e+01
1.702229461670452526e-01 2.404698516554699950e+01
1.764102259376107429e-01 2.489420315870932754e+01
1.827092836938443710e-01 2.577127014637126123e+01
1.891200853661588188e-01 2.667923776161875793e+01
1.956424164793612863e-01 2.761919468843899850e+01
2.022758475285497681e-01 2.859226796708951923e+01
2.090197011630446078e-01 2.959962434545765930e+01
2.158730216343784092e-01 3.064247167803086569e+01
2.228345469365344000e-01 3.172206037415524094e+01
2.299026840473917810e-01 3.283968489731883267e+01
2.370754876691885116e-01 3.399668531725723852e+01
2.443506428608242520e-01 3.519444891674268661e+01
2.517254519531942347e-01 3.643441185498317481e+01
2.591968261367491033e-01 3.771806088962618020e+01
2.667612821039532234e-01 3.904693515943144888e+01
2.744149441137649914e-01 4.042262802975062641e+01
2.821535518165964040e-01 4.184678900302638738e+01
2.899724741325553357e-01 4.332112569660188939e+01
2.978667294103784502e-01 4.484740589021194523e+01
3.058310120074627103e-01 4.642745964561078154e+01
3.138597253225016148e-01 4.806318150087833629e+01
3.219470211823420303e-01 4.975653274203569509e+01
3.300868453364907418e-01 5.150954375469355995e+01
3.382729886501578132e-01 5.332431645855351121e+01
3.464991434150984650e-01 5.520302682768105029e+01
3.547589640232509112e-01 5.714792749957244666e+01
3.630461310781563644e-01 5.916135047614348963e+01
3.713544178608920721e-01 6.124570991987888391e+01
3.796777579278820536e-01 6.340350504849505597e+01
3.880103125043390944e-01 6.563732313158706688e+01
3.963465362549518090e-01 6.794984259285264727e+01
4.046812399675762673e-01 7.034383622161300309e+01
4.130096486790530985e-01 7.282217449748141291e+01
4.213274538066888453e-01 7.538782903216581133e+01
4.296308579240858960e-01 7.804387613253192058e+01
4.379166109344800328e-01 8.079350048919963001e+01
4.461820365453048054e-01 8.363999899509509817e+01
4.544250481302613554e-01 8.658678469853745696e+01
4.626441532744892116e-01 8.963739089559946649e+01
4.708384465287257514e-01 9.279547536664928487e+01
4.790075901434324157e-01 9.606482476215339261e+01
4.871517828074319323e-01 9.944935914299922786e+01
4.952717166713004882e-01 1.029531366807809576e+02
5.033685231875489885e-01 1.065803585236849642e+02
5.114437085415733941e-01 1.103353738338091716e+02
5.194990796738737648e-01 1.142226850019561937e+02
5.275366620998790390e-01 1.182469530461524698e+02
5.355586109138570361e-01 1.224130032003671005e+02
5.435671165131630289e-01 1.267258307001311977e+02
5.515643066942295114e-01 1.311906067719949078e+02
5.595521468483809491e-01 1.358126848340034769e+02
5.675323400205656288e-01 1.405976069146271357e+02
5.755062285851118009e-01 1.455511102978413192e+02
5.834746992382907615e-01 1.506791344023250474e+02
5.914380929079415816e-01 1.559878279030254191e+02
5.993961210372946713e-01 1.614835561036274783e+02
6.073477895170344976e-01 1.671729085687692873e+02
6.152913313220235159e-01 1.730627070251539692e+02
6.232241486645092587e-01 1.791600135410313044e+02
6.311427652134329325e-01 1.854721389938570439e+02
6.390427886605396512e-01 1.920066518362833676e+02
6.469188836502346440e-01 1.987713871709905504e+02
6.547647548438241261e-01 2.057744561452410323e+02
6.625731396716035837e-01 2.130242556764198127e+02
6.703358101486185383e-01 2.205294785202237335e+02
6.780435830000293151e-01 2.282991236935708343e+02
6.856863372650174870e-01 2.363425072647267484e+02
6.932530385259082495e-01 2.446692735235866394e+02
7.007317689396633797e-01 2.532894065455060115e+02
7.081097623264880347e-01 2.622132421625470897e+02
7.153734436861353130e-01 2.714514803564904923e+02
7.225084726552596370e-01 2.810151980884777458e+02
7.294997905758083823e-01 2.909158625806632017e+02
7.363316710016295508e-01 3.011653450658023985e+02
7.429877736153536194e-01 3.117759350212643881e+02
7.494512016491264861e-01 3.227603549045301747e+02
7.557045629922864993e-01 3.341317754078519329e+02
7.617300352210215619e-01 3.459038312503613497e+02
7.675094347970476960e-01 3.580906375265581687e+02
7.730242906552957649e-01 3.707068066307892877e+02
7.782559223378839874e-01 3.837674657780050325e+02
7.831855227391022467e-01 3.972882751418027283e+02
7.877942454106704462e-01 4.112854466315084210e+02
7.920632962459167592e-01 4.257757633308035565e+02
7.959740292232622139e-01 4.407765996212132791e+02
7.995080457505122640e-01 4.563059420145808645e+02
8.026472970176693478e-01 4.723824107195032980e+02
8.053741886419660823e-01 4.890252819675950491e+02
8.076716867777631315e-01 5.062545111263437434e+02
8.095234247679148343e-01 5.240907566262721957e+02
8.109138093333351227e-01 5.425554047311004524e+02
8.118281252341424947e-01 5.616705951805979566e+02
8.122526372891568647e-01 5.814592477368848904e+02
8.121746886105178920e-01 6.019450896660067656e+02
8.115827938971301725e-01 6.231526841877280276e+02
8.104667266348396515e-01 6.451074599276685149e+02
8.088175990735884113e-01 6.678357414070881077e+02
8.066279338933426413e-01 6.913647806068807995e+02
8.038917265326217532e-01 7.157227896436269248e+02
8.006044972373311808e-01 7.409389745968744592e+02
7.967633319944095183e-01 7.670435705282220624e+02
7.923669116453111450e-01 7.940678777341862542e+02
7.874155286286957933e-01 8.220442992763145185e+02
7.819110909791812114e-01 8.510063798335588672e+02
7.758571134080517462e-01 8.809888459234838365e+02
7.692586955096887280e-01 9.120276475405393057e+02
7.621224873704134373e-01 9.441600012613264425e+02
7.544566430995415240e-01 9.774244348685317618e+02
7.462707630497830147e-01 1.011860833547047719e+03
7.375758257389384287e-01 1.047510487707667835e+03
7.283841107195813125e-01 1.084416142495683516e+03
7.187091138601205964e-01 1.122622049043767674e+03
7.085654566911311347e-01 1.162174017530584479e+03
6.979687916270609360e-01 1.203119472108747232e+03
6.869357049878096477e-01 1.245507507767991456e+03
6.754836198104072764e-01 1.289388949201726291e+03
6.636307004525473507e-01 1.334816411747571010e+03
6.513957609429261719e-01 1.381844364474934082e+03
6.387981789259220555e-01 1.430529195495269278e+03
6.258578168799004970e-01 1.480929279573338590e+03
6.125949520614131227e-01 1.533105048120536821e+03
5.990302163460856644e-01 1.587119061654202596e+03
5.851845468078105128e-01 1.643036084809808017e+03
5.710791475099108450e-01 1.700923163995945742e+03
5.567354625860435613e-01 1.760849707785252122e+03
5.421751602774048662e-01 1.822887570137649163e+03
5.274201271799099366e-01 1.887111136555667827e+03
5.124924715548182519e-01 1.953597413275198960e+03
4.974145341832059697e-01 2.022426119598581863e+03
4.822089049125392601e-01 2.093679783480750302e+03
4.668984427650575975e-01 2.167443840483062104e+03
4.515062972636791350e-01 2.243806736213421573e+03
4.360559284903544053e-01 2.322860032375572700e+03
4.205711233303939256e-01 2.404698516554697562e+03
4.050760053775539493e-01 2.489420315870932882e+03
3.895950360789568467e-01 2.577127014637126194e+03
3.741530048838584976e-01 2.667923776161875594e+03
3.587750064206686740e-01 2.761919468843898812e+03
3.434864030550688341e-01 2.859226796708951952e+03
3.283127715691057102e-01 2.959962434545765973e+03
3.132798331357844468e-01 3.064247167803083357e+03
2.984133662338815940e-01 3.172206037415523042e+03
2.837391026406720362e-01 3.283968489731883437e+03
2.692826071428464640e-01 3.399668531725723824e+03
2.550691421050086394e-01 3.519444891674268547e+03
2.411235185176968387e-01 3.643441185498315463e+03
2.274699356003043460e-01 3.771806088962617650e+03
2.141318114464267897e-01 3.904693515943145030e+03
2.011316075585307395e-01 4.042262802975058548e+03
1.884906504148243511e-01 4.184678900302636066e+03
1.762289534341787145e-01 4.332112569660189365e+03
1.643650428466959801e-01 4.484740589021193955e+03
1.529157910315663282e-01 4.642745964561078836e+03
1.418962608458222696e-01 4.806318150087831782e+03
1.313195643356737663e-01 4.975653274203569708e+03
1.211967389974172027e-01 5.150954375469356819e+03
1.115366444417017905e-01 5.332431645855345778e+03
1.023458819208479392e-01 5.520302682768102386e+03
9.362873871472077170e-02 5.714792749957244268e+03
8.538715885011910478e-02 5.916135047614348878e+03
7.762074106790074757e-02 6.124570991987889101e+03
7.032676436892254523e-02 6.340350504849502613e+03
6.350024088296143954e-02 6.563732313158706347e+03
5.713399523256189327e-02 6.794984259285263761e+03
5.121876902354871586e-02 7.034383622161292806e+03
4.574334860111779755e-02 7.282217449748138279e+03
4.069471377757660074e-02 7.538782903216580962e+03
3.605820487436579153e-02 7.804387613253192285e+03
3.181770513293862707e-02 8.079350048919963228e+03
2.795583533895902237e-02 8.363999899509504758e+03
2.445415737158111724e-02 8.658678469853746719e+03
2.129338333116937571e-02 8.963739089559945569e+03
1.845358690962847770e-02 9.279547536664917061e+03
1.591441374126318503e-02 9.606482476215336646e+03
1.365528760193874570e-02 9.944935914299923752e+03
1.165560950352122378e-02 1.029531366807809536e+04
9.894946952907789084e-03 1.065803585236849540e+04
8.353210904921967023e-03 1.103353738338091171e+04
7.010818231263806974e-03 1.142226850019561971e+04
5.848837849498468057e-03 1.182469530461524664e+04
4.849119002967650256e-03 1.224130032003670021e+04
3.994400550623619997e-03 1.267258307001311368e+04
3.268400510629634794e-03 1.311906067719948987e+04
2.655885497673586126e-03 1.358126848340034849e+04
2.142720094542615358e-03 1.405976069146271584e+04
1.715896595430501954e-03 1.455511102978412418e+04
1.363545942194016461e-03 1.506791344023250349e+04
1.074931034802743910e-03 1.559878279030254271e+04
8.404239224723342779e-04 1.614835561036273066e+04
6.514686615031613746e-04 1.671729085687691986e+04
5.005318496320962547e-04 1.730627070251539772e+04
3.810430064074555841e-04 1.791600135410312942e+04
2.873270588102392123e-04 1.854721389938570064e+04
2.145312081955891965e-04 1.920066518362832721e+04
1.585483991765786194e-04 1.987713871709905652e+04
1.159394874499592240e-04 2.057744561452410562e+04
8.385601933496444763e-05 2.130242556764195979e+04
5.996530153827789398e-05 2.205294785202236380e+04
4.237916828828712306e-05 2.282991236935708366e+04
2.958755889517543654e-05 2.363425072647267734e+04
2.039771688473092782e-05 2.446692735235865985e+04
1.387952651177434818e-05 2.532894065455059899e+04
9.317226629965850765e-06 2.622132421625468487e+04
6.167496295649286790e-06 2.714514803564905014e+04
4.023699036019079849e-06 2.810151980884774457e+04
2.585908237299337853e-06 2.909158625806631608e+04
1.636216297578663300e-06 3.011653450658023939e+04
1.018753831457243434e-06 3.117759350212640857e+04
6.238086451650763257e-07 3.227603549045301406e+04
3.754319020160624296e-07 3.341317754078519647e+04
2.219441749603470442e-07 3.459038312503616908e+04
1.287997512787039741e-07 3.580906375265582028e+04
7.332656119798673950e-08 3.707068066307889239e+04
4.092503248069544047e-08 3.837674657780049893e+04
2.237660944890587948e-08 3.972882751418027328e+04
1.197739915874785121e-08 4.112854466315080208e+04
6.271453007474032626e-09 4.257757633308036020e+04
3.209772181809587419e-09 4.407765996212133177e+04
1.604470603250448535e-09 4.563059420145804324e+04
7.826718279056662991e-10 4.723824107195032411e+04
3.722581173286441640e-10 4.890252819675945648e+04
1.724797788437807797e-10 5.062545111263437138e+04
7.777877606642630573e-11 5.240907566262722685e+04
3.410344063859050183e-11 5.425554047310999158e+04
1.452513310220352241e-11 5.616705951805979566e+04
6.003194498906288064e-12 5.814592477368848631e+04
2.405054695539491982e-12 6.019450896660073340e+04
9.329780395895000376e-13 6.231526841877280094e+04
3.500488836832444341e-13 6.451074599276678055e+04
1.268779937416695921e-13 6.678357414070882078e+04
4.437269152896773856e-14 6.913647806068808131e+04
1.495443544525449059e-14 7.157227896436261653e+04
4.850457379851739127e-15 7.409389745968744683e+04
1.512054592683570051e-15 7.670435705282221898e+04
4.523945760112068788e-16 7.940678777341854584e+04
1.297191493230246380e-16 8.220442992763144139e+04
3.559402390342982131e-17 8.510063798335578758e+04
9.331747236201479094e-18 8.809888459234838956e+04
2.333805149653694266e-18 9.120276475405394740e+04
5.558534073456449204e-19 9.441600012613256695e+04
1.258643909906249617e-19 9.774244348685316800e+04
2.704699170219451397e-20 1.011860833547047805e+05
5.505640419944511810e-21 1.047510487707669090e+05
1.059596709502777192e-21 1.084416142495683598e+05
1.924239521595654509e-22 1.122622049043766456e+05
3.290599971961959727e-23 1.162174017530584388e+05
5.287724739127868599e-24 1.203119472108747286e+05
7.966881149647465395e-25 1.245507507767990173e+05
1.122917899893242390e-25 1.289388949201726209e+05
1.477159976544391310e-26 1.334816411747570965e+05
1.809133712003536241e-27 1.381844364474932663e+05
2.057708924007753332e-28 1.430529195495269378e+05
2.167880623432172734e-29 1.480929279573337117e+05
2.109857189910514824e-30 1.533105048120536958e+05
1.891576322932716164e-31 1.587119061654202815e+05
1.557728937733552569e-32 1.643036084809806198e+05
1.174781137921911711e-33 1.700923163995945652e+05
8.088595979589668678e-35 1.760849707785252249e+05
5.068121812932093522e-36 1.822887570137651055e+05
2.880289890962725826e-37 1.887111136555667617e+05
1.479610211211061145e-38 1.953597413275196741e+05
6.845962290434462718e-40 2.022426119598581572e+05
2.842479769578289645e-41 2.093679783480750630e+05
1.055064983853661831e-42 2.167443840483059757e+05
3.487103713112527472e-44 2.243806736213421391e+05
1.022065666918054609e-45 2.322860032375572773e+05
2.645348617660962479e-47 2.404698516554695088e+05
6.019693014661065282e-49 2.489420315870932536e+05
1.198900628999190544e-50 2.577127014637123793e+05
2.080032587371484295e-52 2.667923776161875576e+05
3.128412714909310026e-54 2.761919468843898503e+05
4.058442185539702943e-56 2.859226796708949259e+05
4.517660264384549637e-58 2.959962434545765864e+05
4.291848746177585657e-60 3.064247167803083430e+05
3.460406460450448857e-62 3.172206037415525643e+05
2.354244085351881481e-64 3.283968489731883164e+05
1.343441910561258194e-66 3.399668531725720386e+05
6.390563231430134055e-69 3.519444891674268292e+05
2.517834889983629269e-71 3.643441185498315608e+05
8.162066601250420668e-74 3.771806088962614303e+05
2.162086819491164532e-76 3.904693515943145030e+05
4.646825986741556668e-79 4.042262802975058439e+05
8.043615306691729786e-82 4.184678900302631664e+05
1.112875030952118263e-84 4.332112569660189329e+05
1.220994436994125355e-87 4.484740589021189371e+05
1.053669313963975526e-90 4.642745964561078581e+05
7.091604196035346160e-94 4.806318150087831309e+05
3.690038232188928056e-97 4.975653274203564506e+05
1.471045754166575052e-100 5.150954375469356310e+05
4.450967587437684481e-104 5.332431645855345996e+05
1.012269174596215888e-107 5.520302682768107625e+05
1.713099747965817981e-111 5.714792749957244378e+05
2.134971965921218170e-115 5.916135047614342766e+05
1.938398619890331010e-119 6.124570991987888701e+05
1.267911563373110284e-123 6.340350504849503050e+05
5.906260613093960668e-128 6.563732313158699544e+05
1.936065633016676545e-132 6.794984259285264416e+05
4.410973338174349896e-137 7.034383622161293169e+05
6.895873702125192995e-142 7.282217449748130748e+05
7.299988614362118758e-147 7.538782903216581326e+05
5.161400630170398524e-152 7.804387613253183663e+05
2.402977875554687642e-157 8.079350048919962719e+05
7.258978626033778848e-163 8.363999899509506067e+05
1.401284409477513893e-168 8.658678469853737624e+05
1.701572237317813200e-174 8.963739089559946442e+05
1.278658954064116000e-180 9.279547536664918298e+05
5.846504537388949250e-187 9.606482476215346251e+05
1.598355523425384567e-193 9.944935914299923461e+05
2.565762671983472718e-200 1.029531366807808517e+06
2.373442941901280804e-207 1.065803585236849496e+06
1.240870658673756535e-214 1.103353738338091411e+06
3.593591387491165117e-222 1.142226850019560894e+06
5.646076724034153927e-230 1.182469530461524846e+06
4.710030952823260752e-238 1.224130032003669767e+06
2.040201149312093010e-246 1.267258307001310168e+06
4.484009397443798752e-255 1.311906067719948944e+06
4.882284648988318958e-264 1.358126848340033554e+06
2.569187148962200794e-273 1.405976069146271329e+06
6.368817723767794609e-283 1.455511102978412528e+06
7.242603782822521224e-293 1.506791344023248879e+06
3.676038689962315437e-303 1.559878279030254344e+06
8.094152117528954125e-314 1.614835561036273139e+06
0.000000000000000000e+00 1.671729085687693674e+06
0.000000000000000000e+00 1.730627070251539582e+06
0.000000000000000000e+00 1.791600135410310933e+06
0.000000000000000000e+00 1.854721389938570326e+06
0.000000000000000000e+00 1.920066518362832488e+06
0.000000000000000000e+00 1.987713871709903702e+06
0.000000000000000000e+00 2.057744561452410650e+06
0.000000000000000000e+00 2.130242556764196139e+06
0.000000000000000000e+00 2.205294785202234052e+06
0.000000000000000000e+00 2.282991236935708672e+06
0.000000000000000000e+00 2.363425072647265159e+06
0.000000000000000000e+00 2.446692735235866159e+06
