6.038629855738651681e-05 3.004700188201462119e+00
7.286417753741144751e-05 3.110561111971224868e+00
8.785460310377394232e-05 3.220151704087064637e+00
1.058463825550765410e-04 3.333603367388443761e+00
1.274190231322170426e-04 3.451052134270229388e+00
1.532584531180626044e-04 3.572638829790136139e+00
1.841751945185528944e-04 3.698509240522755537e+00
2.211253037258695904e-04 3.828814289362620027e+00
2.652344218063929708e-04 3.963710216485854865e+00
3.178252991795100916e-04 4.103358766687464687e+00
3.804491794551948880e-04 4.247927383318830685e+00
4.549214423554194964e-04 4.397589409057964360e+00
5.433619141796171151e-04 4.552524293753284823e+00
6.482402539334360331e-04 4.712917809590045692e+00
7.724268117084878531e-04 4.878962273837506025e+00
9.192493303019101929e-04 5.050856779443877009e+00
1.092555818489844522e-03 5.228807433755497058e+00
1.296783861620920799e-03 5.413027605646552054e+00
1.537036548948799916e-03 5.603738181355594428e+00
1.819165084116734603e-03 5.801167829335635240e+00
2.149858002337191355e-03 6.005553274435399658e+00
2.536736742168304182e-03 6.217139581740421583e+00
2.988457109287259283e-03 6.436180450414420662e+00
3.514815922638844358e-03 6.662938517893223889e+00
4.126861849651578158e-03 6.897685674795925870e+00
4.837009117520176503e-03 7.140703390931003369e+00
5.659152434860256070e-03 7.392283052788151565e+00
6.608781076532551334e-03 7.652726312920573370e+00
7.703089681121252051e-03 7.922345451636661373e+00
8.961082894534384488e-03 8.201463751434632243e+00
1.040367057616112950e-02 8.490415884629245014e+00
1.205374988026990980e-02 8.789548314635288406e+00
1.393627015166485836e-02 9.099219711388920828e+00
1.607827625006922473e-02 9.419801381405138230e+00
1.850892566316728396e-02 9.751677712986868585e+00
2.125947460597525998e-02 1.009524663711959036e+01
2.436322825694867134e-02 1.045092010460413334e+01
2.785545037148546080e-02 1.081912457999959898e+01
3.177322776222630402e-02 1.120030155296888097e+01
3.615528556115273073e-02 1.159490806763978732e+01
4.104174979567991322e-02 1.200341727061638863e+01
4.647385462883740076e-02 1.242631897829790510e+01
5.249359263541920201e-02 1.286412026418518550e+01
5.914330770680974875e-02 1.331734606687902023e+01
6.646523158384388952e-02 1.378653981949940999e+01
7.450096658699932595e-02 1.427226410128021961e+01
8.329091881407543752e-02 1.477510131212083699e+01
9.287368786538952037e-02 1.529565437090344382e+01
1.032854209842088006e-01 1.583454743841314105e+01
1.145591413063116876e-01 1.639242666572796381e+01
1.267240616311783308e-01 1.696996096897596118e+01
1.398048966877624144e-01 1.756784283138828684e+01
1.538211881974264061e-01 1.818678913361019767e+01
1.687866580637065461e-01 1.882754201326514831e+01
1.847086056757536454e-01 1.949086975480305739e+01
2.015873655398386644e-01 2.017756771069949195e+01
2.194158412029091898e-01 2.088845925511016688e+01
2.381791306701803723e-01 2.162439677112457659e+01
2.578542572289547197e-01 2.238626267280222848e+01
2.784100177773328744e-01 2.317497046321703635e+01
2.998069584446610425e-01 2.399146582977858699e+01
3.219974845282301823e-01 2.483672777814332733e+01
3.449261086276266819e-01 2.571176980607560125e+01
3.685298374240590924e-01 2.661764111866599336e+01
3.927386939346072525e-01 2.755542788636365259e+01
4.174763683922569912e-01 2.852625454733165000e+01
4.426609872924252009e-01 2.953128515568645795e+01
4.682059867404065323e-01 3.057172477723832671e+01
4.940210731643044362e-01 3.164882093440620281e+01
5.200132518494062772e-01 3.276386510203928282e+01
5.460879017130043644e-01 3.391819425593926240e+01
5.721498733642678136e-01 3.511319247593976911e+01
5.981045868475829419e-01 3.635029260546498620e+01
6.238591055870725821e-01 3.763097796955752017e+01
6.493231639394873023e-01 3.895678415343552103e+01
6.744101273943104990e-01 4.032930084371149348e+01
6.990378667718645245e-01 4.175017373448049085e+01
7.231295306694609515e-01 4.322110650056313119e+01
7.466142037708288770e-01 4.474386284026954286e+01
7.694274423215216041e-01 4.632026859013360820e+01
7.915116819229002232e-01 4.795221391415283563e+01
8.128165166423522159e-01 4.964165557015912356e+01
8.332988521118334102e-01 5.139061925603785852e+01
8.529229386354312270e-01 5.320120203860847141e+01
8.716602932148498351e-01 5.507557486807868941e+01
8.894895217228694362e-01 5.701598518108746561e+01
9.063960541372937385e-01 5.902475959545783724e+01
9.223718067595593206e-01 6.110430669989070651e+01
9.374147856911215770e-01 6.325711994194439569e+01
9.515286455746803096e-01 6.548578061776284187e+01
9.647222168084478300e-01 6.779296096713736119e+01
9.770090132194610977e-01 7.018142737761282035e+01
9.884067306639315875e-01 7.265404370148030466e+01
9.989367453435830102e-01 7.521377468963295598e+01
1.008623618917760201e+00 7.786368954640315110e+01
1.017494615868888896e+00 8.060696560964258595e+01
1.025579237138199318e+00 8.344689216045829028e+01
1.032908772855658741e+00 8.638687436717208357e+01
1.039515876077759193e+00 8.943043736823312884e+01
1.045434158823004944e+00 9.258123049897864121e+01
1.050697811334031284e+00 9.584303166731073986e+01
1.055341245351271606e+00 9.921975188353614783e+01
1.059398762195967958e+00 1.027154399498003414e+02
1.062904246563044053e+00 1.063342873147389014e+02
1.065890887051604397e+00 1.100806330991666044e+02
1.068390924555072230e+00 1.139589692988303113e+02
1.070435429649942316e+00 1.179739461704645578e+02
1.072054110033049623e+00 1.221303778076073598e+02
1.073275148850363792e+00 1.264332479128614750e+02
1.074125074438802674e+00 1.308877157735229559e+02
1.074628661582520683e+00 1.354991224477418541e+02
1.074808863891649757e+00 1.402729971686324006e+02
1.074686776374913721e+00 1.452150639740108033e+02
1.074281626729796768e+00 1.503312485697110503e+02
1.073610793345652015e+00 1.556276854347072458e+02
1.072689847533334628e+00 1.611107251765622834e+02
1.071532617081988770e+00 1.667869421460217438e+02
1.070151267916721549e+00 1.726631423198834909e+02
1.068556400402032924e+00 1.787463714615948049e+02
1.066757156712528243e+00 1.850439235693622209e+02
1.064761335677572029e+00 1.915633496219027450e+02
1.062575511599469058e+00 1.983124666323234351e+02
1.060205153740934492e+00 2.052993670209854713e+02
1.057654743468880110e+00 2.125324283185912009e+02
1.054927886416143989e+00 2.200203232111276463e+02
1.052027417465381864e+00 2.277720299387108298e+02
1.048955496851277092e+00 2.357968430608009101e+02
1.045713696197396070e+00 2.441043846006944591e+02
1.042303073829436100e+00 2.527046155826570271e+02
1.038724239214127820e+00 2.616078479755287276e+02
1.034977406840412284e+00 2.708247570571251686e+02
1.031062440267178193e+00 2.803663942142584915e+02
1.026978887394193185e+00 2.902442001937243958e+02
1.022726008259287278e+00 3.004700188201462083e+02
1.018302796820508505e+00 3.110561111971221635e+02
1.013707998247707076e+00 3.220151704087061262e+02
1.008940123230197994e+00 3.333603367388443530e+02
1.003997460716692824e+00 3.451052134270229317e+02
9.988780903549160373e-01 3.572638829790136583e+02
9.935798957075170357e-01 3.698509240522755590e+02
9.881005791050176956e-01 3.828814289362620684e+02
9.824376787717038484e-01 3.963710216485855540e+02
9.765885886409241268e-01 4.103358766687460957e+02
9.705505810738090933e-01 4.247927383318826173e+02
9.643208325185642638e-01 4.397589409057964644e+02
9.578964520014370265e-01 4.552524293753285178e+02
9.512745122274878229e-01 4.712917809590046545e+02
9.444520829888519708e-01 4.878962273837506132e+02
9.374262665276459350e-01 5.050856779443876690e+02
9.301942344757301306e-01 5.228807433755496277e+02
9.227532659891043432e-01 5.413027605646545908e+02
9.151007867050046096e-01 5.603738181355589631e+02
9.072344081693820561e-01 5.801167829335635133e+02
8.991519674061759781e-01 6.005553274435399089e+02
8.908515663232597914e-01 6.217139581740422045e+02
8.823316106697055572e-01 6.436180450414420875e+02
8.735908482724864532e-01 6.662938517893223889e+02
8.646284062865612352e-01 6.897685674795926616e+02
8.554438271898676671e-01 7.140703390930996193e+02
8.460371032446143413e-01 7.392283052788144460e+02
8.364087091295721033e-01 7.652726312920574401e+02
8.265596324266822892e-01 7.922345451636660982e+02
8.164914016216531234e-01 8.201463751434631604e+02
8.062061112548715158e-01 8.490415884629244374e+02
7.957064438388243843e-01 8.789548314635288762e+02
7.849956881440660617e-01 9.099219711388922178e+02
7.740777534502235602e-01 9.419801381405127358e+02
7.629571793640130828e-01 9.751677712986856932e+02
7.516391408246620998e-01 1.009524663711959079e+03
7.401294479500554191e-01 1.045092010460413348e+03
7.284345404252455802e-01 1.081912457999959770e+03
7.165614761991521142e-01 1.120030155296888097e+03
7.045179143349581397e-01 1.159490806763978753e+03
6.923120919541092544e-01 1.200341727061638949e+03
6.799527953212801679e-01 1.242631897829789295e+03
6.674493252360359508e-01 1.286412026418517144e+03
6.548114570233124487e-01 1.331734606687901987e+03
6.420493955457833302e-01 1.378653981949940999e+03
6.291737257927640936e-01 1.427226410128022053e+03
6.161953597280418471e-01 1.477510131212083706e+03
6.031254801982389724e-01 1.529565437090344403e+03
5.899754828091888781e-01 1.583454743841313984e+03
5.767569167654590379e-01 1.639242666572794860e+03
5.634814257331675069e-01 1.696996096897594271e+03
5.501606898244981725e-01 1.756784283138828869e+03
5.368063698105541848e-01 1.818678913361019568e+03
5.234300546450719738e-01 1.882754201326514703e+03
5.100432133237873256e-01 1.949086975480305455e+03
4.966571520130046991e-01 2.017756771069949082e+03
4.832829772576466842e-01 2.088845925511016958e+03
4.699315659265481115e-01 2.162439677112455229e+03
4.566135423753121536e-01 2.238626267280220873e+03
4.433392631100649406e-01 2.317497046321703692e+03
4.301188090253894591e-01 2.399146582977858998e+03
4.169619850738772171e-01 2.483672777814332676e+03
4.038783270106879875e-01 2.571176980607559926e+03
3.908771146519943174e-01 2.661764111866599251e+03
3.779673908986194153e-01 2.755542788636365458e+03
3.651579856121778267e-01 2.852625454733162314e+03
3.524575432963493737e-01 2.953128515568642797e+03
3.398745534348532882e-01 3.057172477723832799e+03
3.274173822730496175e-01 3.164882093440619883e+03
3.150943048031216720e-01 3.276386510203928083e+03
3.029135357229080228e-01 3.391819425593924734e+03
2.908832581836186537e-01 3.511319247593977252e+03
2.790116492183611907e-01 3.635029260546498335e+03
2.673069008469254881e-01 3.763097796955747981e+03
2.557772359771669501e-01 3.895678415343550114e+03
2.444309183636100835e-01 4.032930084371149405e+03
2.332762560335513713e-01 4.175017373448049511e+03
2.223215977443651070e-01 4.322110650056312807e+03
2.115753221879011214e-01 4.474386284026952126e+03
2.010458198049036582e-01 4.632026859013360991e+03
1.907414672115348986e-01 4.795221391415283506e+03
1.806705943699162265e-01 4.964165557015907325e+03
1.708414447550107573e-01 5.139061925603783493e+03
1.612621288821505794e-01 5.320120203860847141e+03
1.519405716649592508e-01 5.507557486807869282e+03
1.428844541747898711e-01 5.701598518108747157e+03
1.341011504725730386e-01 5.902475959545780825e+03
1.255976602843635881e-01 6.110430669989070338e+03
1.173805383942740921e-01 6.325711994194440194e+03
1.094558217331380728e-01 6.548578061776277536e+03
1.018289552470238307e-01 6.779296096713732368e+03
9.450471773392547792e-02 7.018142737761282660e+03
8.748714893539528970e-02 7.265404370148029557e+03
8.077947925710703136e-02 7.521377468963296451e+03
7.438406356185987833e-02 7.786368954640310221e+03
6.830232052344184512e-02 8.060696560964259334e+03
6.253467904317731862e-02 8.344689216045828289e+03
5.708053320661622687e-02 8.638687436717200399e+03
5.193820719064867059e-02 8.943043736823308791e+03
4.710493141793893612e-02 9.258123049897863893e+03
4.257683109466322419e-02 9.584303166731073361e+03
3.834892806008578792e-02 9.921975188353613703e+03
3.441515662587994046e-02 1.027154399498002749e+04
3.076839379497800508e-02 1.063342873147389037e+04
2.740050393188870476e-02 1.100806330991665891e+04
2.430239761836201426e-02 1.139589692988301795e+04
2.146410408085900820e-02 1.179739461704645146e+04
1.887485623113551933e-02 1.221303778076073650e+04
1.652318703032932060e-02 1.264332479128614614e+04
1.439703558199507787e-02 1.308877157735229594e+04
1.248386109158791321e-02 1.354991224477417927e+04
1.077076260886818994e-02 1.402729971686323915e+04
9.244602303984333566e-03 1.452150639740107908e+04
7.892129924158941545e-03 1.503312485697109150e+04
6.700106040480750640e-03 1.556276854347071458e+04
5.655421725555999715e-03 1.611107251765622823e+04
4.745212402619654150e-03 1.667869421460217563e+04
3.956963772663296165e-03 1.726631423198834818e+04
3.278607953330963439e-03 1.787463714615947174e+04
2.698608244607291796e-03 1.850439235693622322e+04
2.206031262403796399e-03 1.915633496219027438e+04
1.790605540920244595e-03 1.983124666323231941e+04
1.442766085521802371e-03 2.052993670209853371e+04
1.153684746201966626e-03 2.125324283185912282e+04
9.152866633889035616e-04 2.200203232111276157e+04
7.202533989221671269e-04 2.277720299387108025e+04
5.620136922837565665e-04 2.357968430608007839e+04
4.347230638648447599e-04 2.441043846006945023e+04
3.332337135040064737e-04 2.527046155826570612e+04
2.530563266626452141e-04 2.616078479755284570e+04
1.903154983336406117e-04 2.708247570571250617e+04
1.417005152754175509e-04 2.803663942142584710e+04
1.044132028694853348e-04 2.902442001937244277e+04
7.611444936227168686e-05 3.004700188201462151e+04
5.487087574154934076e-05 3.110561111971221180e+04
3.910293444389937380e-05 3.220151704087058170e+04
2.753550637684353247e-05 3.333603367388443439e+04
1.915183591511939788e-05 3.451052134270226088e+04
1.315140999128076465e-05 3.572638829790135787e+04
8.912161620672537482e-06 3.698509240522755863e+04
5.957170067945329696e-06 3.828814289362616546e+04
3.925847172497184812e-06 3.963710216485855199e+04
2.549447494078573546e-06 4.103358766687460593e+04
1.630621798992042007e-06 4.247927383318830834e+04
1.026649454366735490e-06 4.397589409057964804e+04
6.359338744189912811e-07 4.552524293753280654e+04
3.873228941447499032e-07 4.712917809590046090e+04
2.318182427102372812e-07 4.878962273837506655e+04
1.362598752658131800e-07 5.050856779443872074e+04
7.860634240525755918e-08 5.228807433755496459e+04
4.447643333529966944e-08 5.413027605646546726e+04
2.466542058086588761e-08 5.603738181355583947e+04
1.339757828119759226e-08 5.801167829335635179e+04
7.122385374082098379e-09 6.005553274435392814e+04
3.703028078003669809e-09 6.217139581740422000e+04
1.881396384746853018e-09 6.436180450414420920e+04
9.333461939868575998e-10 6.662938517893216340e+04
4.517304239417704006e-10 6.897685674795927480e+04
2.131140853732185939e-10 7.140703390930996102e+04
9.791517297757874767e-11 7.392283052788150962e+04
4.377114180879350613e-11 7.652726312920574856e+04
1.901982595419097584e-11 7.922345451636653161e+04
8.025497354364158633e-12 8.201463751434632286e+04
3.284995723229038008e-12 8.490415884629244101e+04
1.302956588902903350e-12 8.789548314635278075e+04
5.002370237914552949e-13 9.099219711388921132e+04
1.856837769410452239e-13 9.419801381405128632e+04
6.655922687688976401e-14 9.751677712986848201e+04
2.301147755710205024e-14 1.009524663711959001e+05
7.663543035291150542e-15 1.045092010460412130e+05
2.455223303858438086e-15 1.081912457999959879e+05
7.556765886095681724e-16 1.120030155296888261e+05
2.231263695911214630e-16 1.159490806763977598e+05
6.311034611688257275e-17 1.200341727061638812e+05
1.707368817152759640e-17 1.242631897829789232e+05
4.411136225482578229e-18 1.286412026418518653e+05
1.086588667747002180e-18 1.331734606687902124e+05
2.547662268456070493e-19 1.378653981949939334e+05
5.675775666028271387e-20 1.427226410128021962e+05
1.199315264321126048e-20 1.477510131212083797e+05
2.399146761174925544e-21 1.529565437090342748e+05
4.534794466435258041e-22 1.583454743841314048e+05
8.082919220150460553e-23 1.639242666572794842e+05
1.355784434010305038e-23 1.696996096897592652e+05
2.135478083324003249e-24 1.756784283138828760e+05
3.151513739732946054e-25 1.818678913361017767e+05
4.347769723994293797e-26 1.882754201326514594e+05
5.593783244631416158e-27 1.949086975480305555e+05
6.695279187089710720e-28 2.017756771069946990e+05
7.436186499030853478e-29 2.088845925511016685e+05
7.643741639446118692e-30 2.162439677112455538e+05
7.251889382871524926e-31 2.238626267280222964e+05
6.332268921576460017e-32 2.317497046321703529e+05
5.074121830441477828e-33 2.399146582977856160e+05
3.719986913372375665e-34 2.483672777814332512e+05
2.487369060934228024e-35 2.571176980607560254e+05
1.511989279847783993e-36 2.661764111866596504e+05
8.327384330066309158e-38 2.755542788636365440e+05
4.141048214557147415e-39 2.852625454733162187e+05
1.852639534947513660e-40 2.953128515568639850e+05
7.429039213681225041e-42 3.057172477723832708e+05
2.659871010054876711e-43 3.164882093440617318e+05
8.469169292113581643e-45 3.276386510203927755e+05
2.388242306583197035e-46 3.391819425593924825e+05
5.939023969498261084e-48 3.511319247593973414e+05
1.296663243580835876e-49 3.635029260546498117e+05
2.474134427878255895e-51 3.763097796955747763e+05
4.106215441741970325e-53 3.895678415343553643e+05
5.898590671072567815e-55 4.032930084371149424e+05
7.296816484853415922e-57 4.175017373448045109e+05
7.732321972186981718e-59 4.322110650056313025e+05
6.980875563023076392e-61 4.474386284026951762e+05
5.339271678550534302e-63 4.632026859013356734e+05
3.439447066428439961e-65 4.795221391415284015e+05
1.854823766989846232e-67 4.964165557015907252e+05
8.321554352879489959e-70 5.139061925603777636e+05
3.085876822864600979e-72 5.320120203860846814e+05
9.395294693068036737e-75 5.507557486807863461e+05
2.332290180712563777e-77 5.701598518108746503e+05
4.686746688614955812e-80 5.902475959545780206e+05
7.567342852144681110e-83 6.110430669989064336e+05
9.742059022333618447e-86 6.325711994194439612e+05
9.920372019670872258e-89 6.548578061776277609e+05
7.924782673681050354e-92 6.779296096713739680e+05
4.923964432573161807e-95 7.018142737761283061e+05
2.358661878765918950e-98 7.265404370148022426e+05
8.630964517314631608e-102 7.521377468963296851e+05
2.389875237248315716e-105 7.786368954640311422e+05
4.958468953691793319e-109 8.060696560964250239e+05
7.630629428480278609e-113 8.344689216045829235e+05
8.618701951279452144e-117 8.638687436717200326e+05
7.067395034101444738e-121 8.943043736823298968e+05
4.160192297370232917e-125 9.258123049897864694e+05
1.737528310267083988e-129 9.584303166731063975e+05
5.087026867727976171e-134 9.921975188353614649e+05
1.031036522494208827e-138 1.027154399498002836e+06
1.428021183747004005e-143 1.063342873147387989e+06
1.333583700713247993e-148 1.100806330991665833e+06
8.281330895077115166e-154 1.139589692988301860e+06
3.370784230098774624e-159 1.179739461704646470e+06
8.860321681772047996e-165 1.221303778076073620e+06
1.481033218775435697e-170 1.264332479128613370e+06
1.549352376569871388e-176 1.308877157735229470e+06
9.977804230809296574e-183 1.354991224477418000e+06
3.888622370591397446e-189 1.402729971686322475e+06
9.010474921145835670e-196 1.452150639740108047e+06
1.218807355912232140e-202 1.503312485697109019e+06
9.443260802500859987e-210 1.556276854347070213e+06
4.109437014404960359e-217 1.611107251765622757e+06
9.842141471631001677e-225 1.667869421460215934e+06
1.270300121834304547e-232 1.726631423198834760e+06
8.645162065636485590e-241 1.787463714615947101e+06
3.033174048980369068e-249 1.850439235693620285e+06
5.359709288537937463e-258 1.915633496219027787e+06
4.655968088413252465e-267 1.983124666323232232e+06
1.939273265765178894e-276 2.052993670209855540e+06
3.773817527077199315e-286 2.125324283185911831e+06
3.340350249545809757e-296 2.200203232111273799e+06
1.308032287762958907e-306 2.277720299387108069e+06
2.201541695899219363e-317 2.357968430608007591e+06
0.000000000000000000e+00 2.441043846006942447e+06
0.000000000000000000e+00 2.527046155826570466e+06
0.000000000000000000e+00 2.616078479755284265e+06
0.000000000000000000e+00 2.708247570571247488e+06
0.000000000000000000e+00 2.803663942142584827e+06
0.000000000000000000e+00 2.902442001937240828e+06
0.000000000000000000e+00 3.004700188201461919e+06
