2.085286999504982575e+01 1.239982054424998522e+09
2.080672442580776149e+01 1.283668824324637413e+09
2.075906135521237772e+01 1.328894756712517738e+09
2.070983486117524563e+01 1.375714079016545534e+09
2.065899789672554832e+01 1.424182929193219185e+09
2.060650229043437776e+01 1.474359423038937807e+09
2.055229874643915977e+01 1.526303723872817755e+09
2.049633684506166631e+01 1.580078114674556971e+09
2.043856504476186586e+01 1.635747072763835192e+09
2.037893068599458601e+01 1.693377347110812664e+09
2.031737999741800493e+01 1.753038038370409727e+09
2.025385810482917393e+01 1.814800681736335993e+09
2.018830904315802499e+01 1.878739332714222670e+09
2.012067577182964584e+01 1.944930655916676044e+09
2.005090019379668576e+01 2.013454016986755371e+09
1.997892317854562094e+01 2.084391577760078669e+09
1.990468458938775953e+01 2.157828394779640675e+09
1.982812331535705397e+01 2.233852521281502724e+09
1.974917730804950011e+01 2.312555112773608685e+09
1.966778362375322686e+01 2.394030536334330559e+09
1.958387847123306003e+01 2.478376483761808395e+09
1.949739726554800257e+01 2.565694088709716797e+09
1.940827468829523994e+01 2.656088047949955940e+09
1.931644475468856115e+01 2.749666746907642365e+09
1.922184088789327561e+01 2.846542389618895531e+09
1.912439600105328097e+01 2.946831133267298222e+09
1.902404258745842469e+01 3.050653227460297108e+09
1.892071281931212567e+01 3.158133158412560463e+09
1.881433865556936169e+01 3.269399798209188461e+09
1.870485195932426947e+01 3.384586559327697277e+09
1.859218462523340420e+01 3.503831554604116917e+09
1.847626871746588506e+01 3.627277762834981918e+09
1.835703661867404790e+01 3.755073200213735580e+09
1.823442119047811616e+01 3.887371097807188034e+09
1.810835594595475939e+01 4.024330085284761429e+09
1.797877523461257709e+01 4.166114381120840549e+09
1.784561444032614475e+01 4.312893989498318672e+09
1.770881019268475143e+01 4.464844904149353981e+09
1.756830059219084461e+01 4.622149319377840042e+09
1.742402544971685074e+01 4.784995848516576767e+09
1.727592654059622745e+01 4.953579750081028938e+09
1.712394787368459959e+01 5.128103161890928268e+09
1.696803597567990352e+01 5.308775343440382957e+09
1.680814019093450540e+01 5.495812926807100296e+09
1.664421299692791223e+01 5.689440176401626587e+09
1.647621033549437186e+01 5.889889257867951393e+09
1.630409195981475889e+01 6.097400516458014488e+09
1.612782179708630892e+01 6.312222765213834763e+09
1.594736832667573445e+01 6.534613583302757263e+09
1.576270497344050092e+01 6.764839624863641739e+09
1.557381051576899900e+01 7.003176938734220505e+09
1.538066950774208586e+01 7.249911299443015099e+09
1.518327271465538963e+01 7.505338549862723351e+09
1.498161756096361508e+01 7.769764955935822487e+09
1.477570858951398058e+01 8.043507573897851944e+09
1.456555793072571703e+01 8.326894630438622475e+09
1.435118578014644086e+01 8.620265916257108688e+09
1.413262088257315519e+01 8.923973193482063293e+09
1.390990102066709788e+01 9.238380617446743011e+09
1.368307350571713599e+01 9.563865173323497772e+09
1.345219566791677046e+01 9.900817128141826630e+09
1.321733534321678682e+01 1.024964049873174286e+10
1.297857135349924818e+01 1.061075353615367317e+10
1.273599397649202203e+01 1.098458922719573402e+10
1.248970540150796182e+01 1.137159581353950119e+10
1.223982016675149609e+01 1.177223732921705437e+10
1.198646557359228026e+01 1.218699415700350761e+10
1.172978207286326757e+01 1.261636360441226578e+10
1.146992361790439752e+01 1.306086049998364639e+10
1.120705797874812681e+01 1.352101781058170891e+10
1.094136701153448499e+01 1.399738728043964386e+10
1.067304687695895282e+01 1.449054009271986198e+10
1.040230820130243927e+01 1.500106755438195610e+10
1.012937617337758311e+01 1.552958180517981529e+10
9.854490570558343876e+00 1.607671655163798141e+10
9.577905706949410458e+00 1.664312782688728333e+10
9.299890296709033777e+00 1.722949477727081680e+10
9.020727225573194730e+00 1.783652047666345978e+10
8.740713223752678118e+00 1.846493276948129272e+10
8.460158433597788630e+00 1.911548514339180374e+10
8.179385865760579577e+00 1.978895763277114868e+10
7.898730738041848554e+00 2.048615775399182510e+10
7.618539691701418981e+00 2.120792147366222382e+10
7.339169880745098240e+00 2.195511421097898483e+10
7.060987930589432970e+00 2.272863187539397812e+10
6.784368763553620951e+00 2.352940194084010315e+10
6.509694289842247628e+00 2.435838455780406189e+10
6.237351964066796484e+00 2.521657370457937241e+10
5.967733208907975317e+00 2.610499837908007050e+10
5.701231709242451373e+00 2.702472383264411926e+10
5.438241581939530001e+00 2.797685284730592346e+10
5.179155428564391705e+00 2.896252705806944275e+10
4.924362280388431934e+00 2.998292832176730728e+10
4.674245447382221919e+00 3.103928013414721298e+10
4.429180285224918023e+00 3.213284909688490677e+10
4.189531896772042963e+00 3.326494643628258133e+10
3.955652786840945012e+00 3.443692957547371674e+10
3.727880491553572373e+00 3.565020376201943970e+10
3.506535205766774688e+00 3.690622375284807587e+10
3.291917434262712217e+00 3.820649555855811310e+10
3.084305694302480916e+00 3.955257824917599487e+10
2.883954298797253291e+00 4.094608582353398132e+10
2.691091250652555278e+00 4.238868914450950623e+10
2.505916279721215112e+00 4.388211794244658661e+10
2.328599054188355666e+00 4.542816288916112518e+10
2.159277598039532009e+00 4.702867774501715088e+10
1.998056945469266044e+00 4.868558158164848328e+10
1.845008061618137463e+00 5.040086108299080658e+10
1.700167056840631963e+00 5.217657292738304138e+10
1.563534718776125709e+00 5.401484625359445190e+10
1.435076382812884521e+00 5.591788521373436737e+10
1.314722157111437584e+00 5.788797161610540009e+10
1.202367513224699369e+00 5.992746766116899109e+10
1.097874247578696227e+00 6.203881877390389252e+10
1.001071812748004941e+00 6.422455653595375824e+10
9.117590106897267566e-01 6.648730172107952118e+10
8.297060330319713239e-01 6.882976743755601501e+10
7.546568263156807621e-01 7.125476238128085327e+10
6.863317529527306338e-01 7.376519420349613953e+10
6.244305117968040886e-01 7.636407299716111755e+10
5.686352758463556478e-01 7.905451490615567017e+10
5.186139989351807866e-01 8.183974586164260864e+10
4.740238385354789696e-01 8.472310545006857300e+10
4.345146382066994439e-01 8.770805091744169617e+10
3.997324109528001546e-01 9.079816131468682861e+10
3.693227639485330838e-01 9.399714178904896545e+10
3.429342058657676717e-01 9.730882802669056702e+10
3.202212804248671385e-01 1.007371908518096619e+11
3.008474738052565045e-01 1.042863409877926941e+11
2.844878491010426336e-01 1.079605339861112518e+11
2.708313679633206350e-01 1.117641753288727570e+11
2.595828677279525820e-01 1.157018257111433716e+11
2.504646714244503913e-01 1.197782065093757629e+11
2.432178177865991220e-01 1.239982054424998627e+11
2.376029083896819827e-01 1.283668824324635925e+11
2.334005789518845408e-01 1.328894756712516479e+11
2.304116112840898789e-01 1.375714079016545715e+11
2.284567109935967677e-01 1.424182929193219299e+11
2.273759835188346179e-01 1.474359423038937988e+11
2.270281471223634662e-01 1.526303723872817688e+11
2.272895258953864239e-01 1.580078114674557190e+11
2.280528685061956329e-01 1.635747072763835449e+11
2.292260393225031001e-01 1.693377347110810852e+11
2.307306277076452139e-01 1.753038038370408020e+11
2.325005188721442906e-01 1.814800681736336060e+11
2.344804658688155741e-01 1.878739332714222717e+11
2.366246974251322577e-01 1.944930655916676025e+11
2.388955906254516814e-01 2.013454016986755066e+11
2.412624313222131445e-01 2.084391577760078430e+11
2.437002789012980841e-01 2.157828394779640808e+11
2.461889459612053854e-01 2.233852521281500549e+11
2.487120978560847240e-01 2.312555112773606567e+11
2.512564721114152189e-01 2.394030536334330750e+11
2.538112135967422467e-01 2.478376483761808472e+11
2.563673181138299006e-01 2.565694088709716797e+11
2.589171747477029828e-01 2.656088047949955750e+11
2.614541958915223008e-01 2.749666746907642212e+11
2.639725232067747229e-01 2.846542389618895874e+11
2.664667977971784119e-01 2.946831133267295532e+11
2.689319834182189450e-01 3.050653227460294189e+11
2.713632324690042896e-01 3.158133158412560425e+11
2.737557856801134393e-01 3.269399798209188232e+11
2.761048976968116242e-01 3.384586559327697144e+11
2.784057820594914578e-01 3.503831554604116821e+11
2.806535703252550085e-01 3.627277762834982300e+11
2.828432812036293376e-01 3.755073200213735962e+11
2.849697965657184140e-01 3.887371097807183838e+11
2.870278420187325485e-01 4.024330085284756470e+11
2.890119704204541784e-01 4.166114381120841064e+11
2.909165472542727948e-01 4.312893989498319092e+11
2.927357372139886005e-01 4.464844904149353638e+11
2.944634916797698176e-01 4.622149319377839966e+11
2.960935370229531016e-01 4.784995848516577148e+11
2.976193638759266902e-01 4.953579750081029053e+11
2.990342176590659040e-01 5.128103161890923462e+11
3.003310907808227070e-01 5.308775343440377808e+11
3.015027170275369484e-01 5.495812926807100220e+11
3.025415687411545651e-01 5.689440176401625977e+11
3.034398574482058408e-01 5.889889257867951660e+11
3.041895386526589640e-01 6.097400516458013916e+11
3.047823215377366002e-01 6.312222765213834229e+11
3.052096843357825495e-01 6.534613583302756348e+11
3.054628961185436031e-01 6.764839624863635254e+11
3.055330457304235581e-01 7.003176938734212646e+11
3.054110785320937604e-01 7.249911299443015137e+11
3.050878415393777909e-01 7.505338549862722168e+11
3.045541374312257243e-01 7.769764955935822754e+11
3.038007877602157958e-01 8.043507573897851562e+11
3.028187055297077435e-01 8.326894630438621826e+11
3.015989771048497858e-01 8.620265916257108154e+11
3.001329532026830726e-01 8.923973193482054443e+11
2.984123484633159351e-01 9.238380617446733398e+11
2.964293488446099190e-01 9.563865173323497314e+11
2.941767258132194640e-01 9.900817128141827393e+11
2.916479560325218601e-01 1.024964049873174194e+12
2.888373449811846294e-01 1.061075353615367310e+12
2.857401526838202477e-01 1.098458922719573486e+12
2.823527195066801165e-01 1.137159581353950195e+12
2.786725897760157777e-01 1.177223732921704102e+12
2.746986308235482843e-01 1.218699415700349609e+12
2.704311449606681128e-01 1.261636360441226562e+12
2.658719718374990548e-01 1.306086049998364746e+12
2.610245786602389817e-01 1.352101781058170898e+12
2.558941358236988539e-01 1.399738728043963867e+12
2.504875756669989739e-01 1.449054009271986084e+12
2.448136322778817764e-01 1.500106755438195312e+12
2.388828605515989079e-01 1.552958180517979980e+12
2.327076330480274402e-01 1.607671655163797363e+12
2.263021135776118464e-01 1.664312782688728271e+12
2.196822068731164035e-01 1.722949477727082031e+12
2.128654841587826474e-01 1.783652047666346191e+12
2.058710848990795428e-01 1.846493276948128174e+12
1.987195954831147693e-01 1.911548514339180420e+12
1.914329060653017223e-01 1.978895763277115234e+12
1.840340472258699678e-01 2.048615775399180664e+12
1.765470085251074073e-01 2.120792147366221436e+12
1.689965413928960214e-01 2.195511421097898682e+12
1.614079491117771104e-01 2.272863187539397461e+12
1.538068669107906794e-01 2.352940194084010742e+12
1.462190353837116430e-01 2.435838455780405273e+12
1.386700705758405761e-01 2.521657370457937500e+12
1.311852341466073490e-01 2.610499837908007324e+12
1.237892070108308762e-01 2.702472383264409180e+12
1.165058697908836066e-01 2.797685284730590820e+12
1.093580932778116799e-01 2.896252705806944336e+12
1.023675419054214109e-01 2.998292832176730469e+12
9.555449299233959026e-02 3.103928013414721680e+12
8.893767420895767883e-02 3.213284909688488770e+12
8.253412138587735980e-02 3.326494643628258301e+12
7.635905840576903691e-02 3.443692957547371582e+12
7.042580052001179425e-02 3.565020376201940430e+12
6.474568201434714732e-02 3.690622375284805664e+12
5.932800872365596306e-02 3.820649555855810547e+12
5.418003547459993019e-02 3.955257824917599609e+12
4.930696812575823679e-02 4.094608582353397949e+12
4.471198948688329816e-02 4.238868914450948242e+12
4.039630803986238305e-02 4.388211794244658691e+12
3.635922806040327998e-02 4.542816288916111328e+12
3.259823945622588454e-02 4.702867774501709961e+12
2.910912539776526475e-02 4.868558158164846680e+12
2.588608562236843422e-02 5.040086108299081055e+12
2.292187314236822371e-02 5.217657292738303711e+12
2.020794197952060708e-02 5.401484625359445312e+12
1.773460348036106499e-02 5.591788521373433594e+12
1.549118873581270019e-02 5.788797161610540039e+12
1.346621463052966906e-02 5.992746766116899414e+12
1.164755108001907548e-02 6.203881877390383789e+12
1.002258707432540467e-02 6.422455653595373047e+12
8.578393234657553934e-03 6.648730172107952148e+12
7.301878703433744774e-03 6.882976743755601562e+12
6.179940329266429312e-03 7.125476238128085938e+12
5.199602277344523432e-03 7.376519420349610352e+12
4.348144393483278046e-03 7.636407299716111328e+12
3.613217877304821836e-03 7.905451490615567383e+12
2.982947076062881370e-03 8.183974586164251953e+12
2.446016493510865496e-03 8.472310545006851562e+12
1.991742414046156207e-03 8.770805091744169922e+12
1.610128865224103251e-03 9.079816131468683594e+12
1.291907973707385462e-03 9.399714178904894531e+12
1.028565101149870112e-03 9.730882802669052734e+12
8.123494665114316688e-04 1.007371908518096875e+13
6.362712583633225918e-04 1.042863409877927148e+13
4.940865035461758110e-04 1.079605339861111328e+13
3.802711767444653143e-04 1.117641753288727148e+13
2.899862005688396381e-04 1.157018257111433789e+13
2.190350914603437398e-04 1.197782065093757812e+13
1.638160499619162010e-04 1.239982054424998438e+13
1.212702746813897444e-04 1.283668824324635938e+13
8.882820089553166625e-05 1.328894756712515234e+13
6.435523355596248262e-05 1.375714079016545508e+13
4.609836938542162847e-05 1.424182929193217773e+13
3.263489467573098789e-05 1.474359423038937891e+13
2.282411636916399671e-05 1.526303723872817773e+13
1.576284640806207977e-05 1.580078114674555469e+13
1.074512506173902863e-05 1.635747072763835156e+13
7.226448624468339927e-06 1.693377347110810742e+13
4.792569304917738285e-06 1.753038038370409766e+13
3.132766794045212002e-06 1.814800681736336328e+13
2.017355907885975481e-06 1.878739332714221094e+13
1.279094363195311555e-06 1.944930655916676172e+13
7.980883730812814892e-07 2.013454016986755469e+13
4.897586294155074752e-07 2.084391577760076562e+13
2.954211921628679356e-07 2.157828394779640625e+13
1.750517254688132874e-07 2.233852521281500781e+13
1.018318971289743768e-07 2.312555112773604297e+13
5.811815931306877623e-08 2.394030536334330469e+13
3.252058833660317551e-08 2.478376483761805859e+13
1.782875933458238463e-08 2.565694088709716797e+13
9.569451477060831915e-09 2.656088047949955859e+13
5.024954575701679440e-09 2.749666746907639062e+13
2.579413530620237494e-09 2.846542389618896094e+13
1.293320886796341762e-09 2.946831133267295703e+13
6.328905417391001918e-10 3.050653227460296875e+13
3.020061328769067714e-10 3.158133158412560547e+13
1.404049752075910145e-10 3.269399798209184766e+13
6.353747785342754966e-11 3.384586559327697266e+13
2.796052324936248886e-11 3.503831554604117188e+13
1.195366358919580288e-11 3.627277762834978125e+13
4.959691680506436730e-12 3.755073200213735156e+13
1.995024153587843489e-12 3.887371097807184375e+13
7.771542735304191496e-13 4.024330085284753125e+13
2.928471422396740490e-13 4.166114381120840625e+13
1.066206142940652645e-13 4.312893989498314062e+13
3.746119903361446519e-14 4.464844904149353906e+13
1.268579819033357447e-14 4.622149319377840625e+13
4.135096900055087979e-15 4.784995848516572656e+13
1.295691543246835796e-15 4.953579750081028906e+13
3.897277261558339098e-16 5.128103161890923438e+13
1.123670928493904349e-16 5.308775343440383594e+13
3.100898303783802092e-17 5.495812926807100781e+13
8.177790815920245585e-18 5.689440176401620312e+13
2.057740019241620908e-18 5.889889257867951562e+13
4.932107427534406716e-19 6.097400516458014062e+13
1.124134399767954411e-19 6.312222765213827344e+13
2.432078555166885225e-20 6.534613583302756250e+13
4.985554204199547701e-21 6.764839624863634375e+13
9.664970167852770438e-22 7.003176938734206250e+13
1.768416252661395488e-22 7.249911299443015625e+13
3.047761334577671179e-23 7.505338549862715625e+13
4.937127053193848275e-24 7.769764955935821875e+13
7.500957398519978718e-25 8.043507573897853125e+13
1.066416613999105094e-25 8.326894630438612500e+13
1.415432309735559594e-26 8.620265916257107812e+13
1.749652123607963484e-27 8.923973193482054688e+13
2.009213393867295146e-28 9.238380617446743750e+13
2.137889091513577358e-29 9.563865173323496875e+13
2.102143306738455851e-30 9.900817128141817188e+13
1.904801367928393165e-31 1.024964049873174062e+14
1.585977159497877408e-32 1.061075353615367344e+14
1.209788917095069471e-33 1.098458922719572344e+14
8.428449487879396680e-35 1.137159581353950312e+14
5.345938426471014277e-36 1.177223732921704219e+14
3.076821360485701867e-37 1.218699415700348281e+14
1.601385785037300070e-38 1.261636360441226562e+14
7.510449430453189454e-40 1.306086049998363438e+14
3.162414852997392468e-41 1.352101781058170781e+14
1.190982187273017027e-42 1.399738728043963906e+14
3.995927874144336543e-44 1.449054009271984688e+14
1.189565181712024167e-45 1.500106755438195312e+14
3.128866801141115696e-47 1.552958180517980000e+14
7.239684814692421113e-49 1.607671655163798750e+14
1.466981967486443846e-50 1.664312782688728125e+14
2.591027996539811110e-52 1.722949477727080312e+14
3.969719313073268901e-54 1.783652047666345938e+14
5.249427685763295555e-56 1.846493276948128125e+14
5.960408354592426846e-58 1.911548514339178750e+14
5.779896318751922229e-60 1.978895763277115312e+14
4.760252337186346349e-62 2.048615775399180625e+14
3.310599621287100080e-64 2.120792147366219062e+14
1.932693218641630116e-66 2.195511421097898750e+14
9.412834563026410781e-69 2.272863187539395312e+14
3.800200167283373693e-71 2.352940194084010625e+14
1.263428530288725394e-73 2.435838455780405000e+14
3.435433402597868663e-76 2.521657370457934688e+14
7.586174545760540168e-79 2.610499837908007188e+14
1.350485687673280570e-81 2.702472383264409375e+14
1.923473537712317741e-84 2.797685284730593750e+14
2.174696151634603935e-87 2.896252705806944375e+14
1.935949024508639838e-90 2.998292832176727500e+14
1.345595581998130416e-93 3.103928013414721875e+14
7.238923148055657074e-97 3.213284909688489375e+14
2.987116959598824496e-100 3.326494643628254375e+14
9.366801156308539913e-104 3.443692957547371875e+14
2.210498260374939459e-107 3.565020376201940625e+14
3.886868429206999775e-111 3.690622375284801875e+14
5.039855067313477159e-115 3.820649555855810625e+14
4.767425741176204174e-119 3.955257824917595625e+14
3.253662001611381154e-123 4.094608582353398125e+14
1.583756728930724794e-127 4.238868914450948750e+14
5.433266352720468563e-132 4.388211794244654375e+14
1.297587829801770726e-136 4.542816288916111875e+14
2.129972186964188969e-141 4.702867774501710000e+14
2.371567059287117639e-146 4.868558158164851875e+14
1.766777961973877195e-151 5.040086108299081250e+14
8.682907093837742353e-157 5.217657292738298750e+14
2.774085611451041353e-162 5.401484625359445000e+14
5.674880816878071414e-168 5.591788521373434375e+14
7.317358113862842588e-174 5.788797161610533750e+14
5.851277858507812734e-180 5.992746766116900000e+14
2.853220568986180860e-186 6.203881877390383750e+14
8.337579391387619289e-193 6.422455653595366250e+14
1.433936066693338940e-199 6.648730172107951250e+14
1.424603106183467947e-206 6.882976743755595000e+14
8.019284849952033842e-214 7.125476238128085000e+14
2.507047610810809462e-221 7.376519420349610000e+14
4.263595487996157651e-229 7.636407299716103750e+14
3.860647225286815897e-237 7.905451490615568750e+14
1.820417440066320326e-245 8.183974586164252500e+14
4.368424727598799585e-254 8.472310545006861250e+14
5.209382402179582669e-263 8.770805091744168750e+14
3.012003743816738516e-272 9.079816131468673750e+14
8.231065742883200691e-282 9.399714178904895000e+14
1.035430819402581138e-291 9.730882802669051250e+14
5.834178612104179273e-302 1.007371908518095750e+15
0.000000000000000000e+00 1.042863409877927125e+15
0.000000000000000000e+00 1.079605339861111250e+15
0.000000000000000000e+00 1.117641753288726000e+15
0.000000000000000000e+00 1.157018257111433750e+15
0.000000000000000000e+00 1.197782065093756500e+15
0.000000000000000000e+00 1.239982054424998500e+15
