4
14
16
20
21
22
23
28
35
39
55
56
63
64
67
79
81
84
90
91
92
97
103
108
109
117
121
124
125
129
140
144
145
148
150
151
157
160
167
171
173
176
179
180
189
193
194
198
201
202
207
213
231
234
242
255
256
259
262
280
288
296
302
305
306
308
314
325
335
350
351
357
358
361
375
377
385
386
392
395
399
401
406
409
411
414
422
423
429
433
434
438
442
444
445
462
465
469
472
473
478
484
486
492
493
495
497
502
509
513
514
515
517
519
527
531
546
553
562
564
575
579
585
587
589
599
602
604
609
621
628
638
640
644
651
654
655
656
661
665
676
685
694
702
708
711
717
719
723
724
725
731
744
755
756
760
768
771
774
779
780
783
785
789
794
795
796
807
810
811
820
826
827
831
834
841
849
852
859
865
866
868
869
878
880
883
889
893
897
899
901
903
911
912
913
917
919
922
923
926
930
933
941
943
946
948
960
964
965
969
973
975
976
981
984
