-19.6819703369620669
-35.7063883006340532
-18.7325384971056330
-18.7526229409713778
-30.9171990985609995
-32.8974108627700872
-22.6661212916068457
-24.8475099438060454
-28.8960306619361518
-28.5808146520190114
-38.3352653699451054
-35.7168581581448237
-33.4670900454227223
-26.6319532405112938
-20.1725516046031004
-11.6490601226332586
-30.7638198079424079
-23.0994276187074377
-14.6058829064538305
-15.3098993792587663
-20.8270737120273104
-1.6030682009611146
-12.2272581475523214
-10.7481638170020766
-20.7658642733609966
-31.6264449443843247
-24.3067881686227771
-31.3950653429224822
-26.0761306180819332
-39.5202041631644434
-17.1995959407018546
-3.9295926562936900
-14.3840912204205420
-25.3323854014871621
-21.8363182656704069
-33.5705742602811057
-24.1468812945701501
-22.1308491526367206
-32.1354425513240898
-30.7938079174342008
-34.2991333950666473
-37.3794707286881689
-17.3949802439923467
-34.1348645682163720
-24.3086112498903795
-26.6739305962616058
-37.4858927551909531
-19.9680611198400406
-18.2672118489233100
-12.0010818712888927
-14.9257184783157175
-17.5578010594311209
-38.8143543200288619
-26.6490033648028479
-33.8286744122868086
-28.6958877912413080
-21.7300043535673240
-17.3277938170020782
-21.1529308782243071
-15.9210755125337577
-20.1234008804945894
-37.9957286502199238
-37.6390961329166842
-9.1911628759495176
-37.3181904097676096
-24.9319938170020770
-23.7952541950140848
-17.1043962764907036
-33.1572054754587100
-22.5017140403896896
-21.1315781486828449
-27.1443112528448758
-9.6391283224639945
-20.3259938170020753
-12.1622538170020782
-39.1608433873018882
-41.0790107669123898
-18.3866542869914724
-19.0177343021545759
-20.8986446737413125
-23.7093979184181336
-27.3726368817308021
-20.3241782395462174
-22.5562906151232774
-31.3117583039974718
-27.5229327714325755
-24.6778925251668859
-21.3173794299496606
-15.5102114823695771
-18.3505150115111135
-34.9297101890563724
-18.9050095880352735
-34.6767028059163067
-38.6119374829057946
-26.4821140839209832
-18.5373384190629658
-16.4076872044830679
-26.6428021125117844
-20.7943884813804836
-22.9255240109148808
-24.1694938170020741
-15.6597938170020772
-21.6741357518665652
-23.4808202775419126
-29.1117614196568049
-32.1590225887886803
-32.3922311089027204
-22.4053145160909786
-32.0113830005288378
-30.7714078605505357
-23.9451777134313701
-21.0561390581022216
-36.1342577322939178
-13.6584938170020767
-26.6740853228925943
-22.0403839148012324
-41.5493228388339730
-2.6950384912711853
-17.6788938170020771
-20.9699926618437438
-14.1244938170020777
-19.0226661459865554
-2.9453185589728115
-12.3351938170020770
-17.9186999108438485
-37.2143063969230425
-21.0356168934102428
-13.9036501050072818
-3.5276886804612859
-14.1752501763337424
-25.9869560767446686
-34.3317311014545581
-10.2217062872969962
-35.1546881979303691
-30.9267259165246955
-20.3108938170020750
-35.7067344691697102
-2.3708641934832055
-37.8338835384835264
-32.5238610520641203
-18.1017728216981126
-17.5722228486868346
-40.6722151201066779
-20.2251278671243178
-19.4935734661075735
-27.3640107021480397
-39.4433325965163704
-30.3012028506705171
-30.1218101901568964
-10.2545323992881663
-17.3692313406123517
-21.0726038346204092
-19.9351569970982716
-26.2385839051864878
-37.5138999304666996
-23.2999938170020755
-14.5764938170020777
-25.7427757611405958
-24.6275256326748213
-18.6163672275182464
-16.2819218198546416
-26.5730405370287279
-40.0299586661250544
-29.9324023659020391
-32.1132581367348635
-7.7620636995011392
-24.9667218276919485
-10.6506675725116970
-8.6835983352137305
-24.5089538153469420
-31.6515253822350964
-31.0023767203840031
-3.9384978575057432
-35.9241426980721172
-15.7046938170020773
-28.5340812351532307
-15.2980437389723321
-35.0324790709383365
-40.6253468190439619
-32.4902527402499146
-27.8697272680009185
-21.0611807523259351
-2.2165676801058090
-26.7186416306155436
-14.9026582392316147
-21.0387868486774785
-11.7997208081898179
-21.0980540991238072
-19.5438586797613780
-20.7550902712843310
-37.6390763290031956
-16.7055192480621031
-22.6778514473899975
-21.4807506056469926
-17.9907404064871699
-26.5987156378184295
-40.9340911651034745
-16.4310938170020755
-23.4256909780223097
-25.9128291478419222
-31.4700772753564273
-0.8994593831286597
-28.2035175567376299
-31.1092569438018636
-29.4717571949887969
-37.7021938170020761
-27.5362968050999015
-34.9496936426457552
-33.5864828560948681
-38.9251660371468446
-35.6896413371445220
-34.5432047686126751
-37.9825408386149519
-35.3434366272345528
-36.9362130951780046
