1 7
1 8
1 25
1 32
1 45
1 51
1 56
1 70
1 71
1 74
1 81
1 87
1 88
1 105
1 145
1 164
1 176
1 185
1 193
1 201
2 11
2 26
2 28
2 30
2 44
2 46
2 47
2 59
2 62
2 68
2 69
2 76
2 77
2 85
2 86
2 95
2 104
2 109
2 110
2 115
2 117
2 134
2 137
2 139
2 143
2 149
2 165
2 174
2 180
2 189
2 190
2 208
2 210
2 211
2 214
2 215
3 16
3 19
3 23
3 48
3 122
3 146
3 192
3 209
4 15
4 29
4 52
4 54
4 55
4 60
4 80
4 96
4 118
4 141
4 146
4 148
4 153
4 154
4 177
4 178
4 181
4 209
5 35
5 42
5 113
5 140
5 155
5 205
6 21
6 40
6 41
6 43
6 49
6 61
6 92
6 99
6 111
6 112
6 131
6 144
6 183
6 184
6 187
6 199
6 204
7 8
7 25
7 32
7 45
7 51
7 56
7 70
7 71
7 74
7 81
7 87
7 88
7 105
7 145
7 164
7 176
7 185
7 193
7 201
8 25
8 32
8 45
8 51
8 56
8 70
8 71
8 81
8 87
8 88
8 105
8 137
8 145
8 164
8 174
8 176
8 185
8 193
8 201
9 14
9 57
9 62
9 67
9 116
9 138
9 142
9 150
9 158
9 182
9 195
9 196
9 208
10 18
10 22
10 31
10 33
10 34
10 35
10 42
10 63
10 83
10 93
10 94
10 97
10 100
10 107
10 108
10 113
10 128
10 140
10 151
10 155
10 161
10 189
10 200
11 26
11 30
11 44
11 46
11 47
11 59
11 62
11 68
11 69
11 76
11 77
11 85
11 86
11 104
11 106
11 109
11 110
11 115
11 117
11 134
11 137
11 139
11 143
11 149
11 165
11 172
11 174
11 180
11 189
11 190
11 208
11 210
11 211
11 213
11 214
11 215
12 13
12 17
12 36
12 38
12 39
12 42
12 79
12 91
12 103
12 113
12 123
12 155
12 171
12 200
12 207
12 212
13 17
13 36
13 38
13 39
13 42
13 53
13 79
13 91
13 103
13 113
13 123
13 126
13 155
13 171
13 179
13 206
13 207
13 212
14 51
14 57
14 67
14 116
14 138
14 142
14 150
14 158
14 182
14 185
14 195
14 196
15 29
15 52
15 54
15 55
15 60
15 80
15 96
15 118
15 141
15 146
15 148
15 153
15 166
15 168
15 177
15 178
15 181
15 209
16 19
16 23
16 48
16 98
16 122
16 192
17 36
17 38
17 39
17 42
17 79
17 91
17 103
17 113
17 123
17 126
17 155
17 171
17 206
17 207
17 212
18 22
18 31
18 33
18 34
18 35
18 63
18 79
18 83
18 93
18 94
18 97
18 100
18 107
18 108
18 128
18 151
18 161
18 189
18 200
19 23
19 48
19 98
19 122
19 192
20 21
20 73
20 89
20 112
20 129
20 133
21 73
21 89
21 129
21 133
21 204
22 31
22 33
22 34
22 35
22 63
22 83
22 93
22 94
22 97
22 100
22 107
22 108
22 128
22 151
22 161
22 189
22 200
23 37
23 40
23 48
23 122
23 181
23 192
24 58
24 75
24 102
24 114
24 121
24 124
24 157
24 198
25 32
25 45
25 51
25 56
25 70
25 71
25 74
25 81
25 87
25 88
25 105
25 145
25 164
25 176
25 185
25 193
25 201
26 30
26 44
26 46
26 47
26 59
26 62
26 68
26 69
26 76
26 77
26 85
26 86
26 104
26 109
26 110
26 115
26 117
26 134
26 137
26 139
26 143
26 149
26 156
26 162
26 165
26 174
26 180
26 189
26 190
26 208
26 210
26 211
26 214
26 215
27 28
27 41
27 50
27 53
27 64
27 78
27 84
27 90
27 95
27 126
27 127
27 130
27 132
27 147
27 160
27 163
27 166
27 167
27 168
27 169
27 170
27 179
27 191
27 194
27 197
27 202
28 50
28 53
28 64
28 69
28 78
28 84
28 90
28 95
28 109
28 126
28 127
28 130
28 132
28 147
28 160
28 163
28 165
28 166
28 167
28 168
28 169
28 170
28 179
28 191
28 194
28 197
28 202
29 52
29 54
29 55
29 60
29 80
29 96
29 118
29 139
29 141
29 146
29 148
29 153
29 177
29 178
29 181
29 209
30 44
30 46
30 47
30 59
30 62
30 68
30 69
30 76
30 77
30 85
30 86
30 104
30 109
30 110
30 115
30 117
30 134
30 137
30 139
30 143
30 149
30 165
30 174
30 180
30 189
30 190
30 201
30 208
30 210
30 211
30 214
30 215
31 33
31 34
31 35
31 63
31 66
31 83
31 93
31 94
31 97
31 100
31 101
31 107
31 108
31 128
31 151
31 161
31 164
31 189
31 200
32 45
32 51
32 56
32 70
32 71
32 81
32 87
32 88
32 105
32 145
32 164
32 176
32 185
32 193
32 201
33 34
33 35
33 63
33 74
33 83
33 93
33 94
33 97
33 100
33 107
33 108
33 128
33 151
33 161
33 189
33 193
33 200
34 35
34 63
34 83
34 93
34 94
34 97
34 100
34 107
34 108
34 128
34 151
34 161
34 171
34 189
34 200
35 63
35 83
35 93
35 94
35 97
35 100
35 107
35 108
35 128
35 151
35 161
35 189
35 200
35 205
36 38
36 39
36 42
36 79
36 91
36 103
36 111
36 113
36 123
36 155
36 171
36 184
36 207
36 212
37 40
37 148
37 181
38 39
38 42
38 79
38 91
38 103
38 113
38 123
38 155
38 171
38 187
38 207
38 212
39 42
39 53
39 79
39 91
39 103
39 113
39 123
39 126
39 155
39 171
39 179
39 206
39 207
39 212
40 41
40 43
40 49
40 61
40 92
40 99
40 111
40 112
40 131
40 144
40 148
40 183
40 184
40 187
40 199
40 204
41 43
41 49
41 61
41 92
41 99
41 111
41 112
41 131
41 144
41 167
41 183
41 184
41 187
41 199
41 204
42 79
42 91
42 103
42 113
42 123
42 140
42 155
42 171
42 205
42 207
42 212
43 49
43 61
43 92
43 99
43 111
43 112
43 131
43 144
43 167
43 170
43 183
43 184
43 187
43 199
43 204
44 46
44 47
44 59
44 62
44 68
44 69
44 76
44 77
44 85
44 86
44 104
44 105
44 109
44 110
44 115
44 117
44 134
44 137
44 139
44 143
44 149
44 165
44 174
44 176
44 180
44 189
44 190
44 208
44 210
44 211
44 214
44 215
45 51
45 56
45 57
45 70
45 71
45 81
45 87
45 88
45 105
45 145
45 164
45 176
45 182
45 185
45 193
45 201
46 47
46 59
46 62
46 68
46 69
46 76
46 77
46 85
46 86
46 104
46 109
46 110
46 115
46 117
46 134
46 136
46 137
46 139
46 143
46 149
46 156
46 165
46 174
46 180
46 189
46 190
46 208
46 210
46 211
46 214
46 215
47 59
47 62
47 68
47 69
47 76
47 77
47 85
47 86
47 104
47 105
47 109
47 110
47 115
47 117
47 134
47 137
47 139
47 143
47 149
47 165
47 174
47 176
47 180
47 189
47 190
47 201
47 208
47 210
47 211
47 214
47 215
48 55
48 98
48 122
48 178
48 192
48 209
49 61
49 84
49 92
49 99
49 111
49 112
49 131
49 144
49 167
49 170
49 183
49 184
49 187
49 199
49 204
50 53
50 64
50 78
50 83
50 84
50 90
50 95
50 126
50 127
50 130
50 132
50 147
50 160
50 163
50 166
50 167
50 168
50 169
50 170
50 179
50 191
50 194
50 197
50 202
51 56
51 70
51 71
51 81
51 87
51 88
51 105
51 145
51 158
51 164
51 176
51 185
51 193
51 196
51 201
52 54
52 55
52 60
52 80
52 96
52 118
52 141
52 146
52 148
52 153
52 154
52 177
52 178
52 181
52 209
53 64
53 78
53 84
53 90
53 95
53 126
53 127
53 130
53 132
53 147
53 160
53 163
53 166
53 167
53 168
53 169
53 170
53 179
53 191
53 194
53 197
53 202
53 206
53 212
54 55
54 60
54 72
54 80
54 82
54 96
54 118
54 141
54 146
54 148
54 153
54 177
54 178
54 181
54 203
54 209
55 60
55 80
55 96
55 98
55 118
55 125
55 141
55 146
55 148
55 153
55 177
55 178
55 181
55 209
56 70
56 71
56 76
56 81
56 87
56 88
56 105
56 137
56 145
56 164
56 174
56 176
56 185
56 193
56 201
56 214
56 215
57 67
57 116
57 138
57 142
57 150
57 158
57 182
57 195
57 196
58 75
58 102
58 114
58 121
58 124
58 150
58 156
58 157
58 159
58 188
58 198
59 62
59 68
59 69
59 76
59 77
59 85
59 86
59 104
59 109
59 110
59 115
59 117
59 134
59 137
59 139
59 142
59 143
59 149
59 165
59 174
59 180
59 189
59 190
59 195
59 208
59 210
59 211
59 214
59 215
60 80
60 96
60 118
60 141
60 146
60 148
60 153
60 154
60 177
60 178
60 181
60 209
61 92
61 99
61 111
61 112
61 131
61 144
61 175
61 183
61 184
61 187
61 199
61 204
62 68
62 69
62 76
62 77
62 85
62 86
62 104
62 109
62 110
62 115
62 117
62 134
62 137
62 139
62 143
62 149
62 165
62 174
62 180
62 189
62 190
62 208
62 210
62 211
62 214
62 215
63 83
63 93
63 94
63 97
63 100
63 107
63 108
63 128
63 147
63 151
63 161
63 179
63 189
63 197
63 200
64 78
64 84
64 90
64 95
64 126
64 127
64 130
64 132
64 141
64 147
64 160
64 163
64 166
64 167
64 168
64 169
64 170
64 179
64 191
64 194
64 197
64 202
65 72
65 82
65 106
65 117
65 120
65 135
65 152
65 154
65 159
65 162
65 172
65 173
65 186
65 188
65 203
65 213
66 101
66 128
66 161
66 164
67 104
67 110
67 115
67 116
67 138
67 142
67 149
67 150
67 158
67 182
67 195
67 196
68 69
68 76
68 77
68 85
68 86
68 104
68 109
68 110
68 115
68 117
68 119
68 134
68 137
68 139
68 143
68 149
68 165
68 169
68 174
68 180
68 189
68 190
68 208
68 210
68 211
68 214
68 215
69 76
69 77
69 85
69 86
69 104
69 109
69 110
69 115
69 117
69 134
69 137
69 139
69 143
69 149
69 165
69 174
69 180
69 189
69 190
69 208
69 210
69 211
69 214
69 215
70 71
70 81
70 87
70 88
70 105
70 145
70 164
70 174
70 176
70 185
70 193
70 201
70 214
71 74
71 81
71 87
71 88
71 105
71 145
71 164
71 176
71 185
71 189
71 193
71 201
72 82
72 106
72 120
72 135
72 152
72 154
72 159
72 162
72 172
72 173
72 186
72 188
72 203
72 213
73 89
73 125
73 129
73 133
74 87
74 97
74 145
74 193
75 102
75 114
75 121
75 124
75 150
75 157
75 198
76 77
76 85
76 86
76 104
76 109
76 110
76 115
76 117
76 134
76 137
76 139
76 143
76 149
76 165
76 174
76 180
76 189
76 190
76 201
76 208
76 210
76 211
76 214
76 215
77 85
77 86
77 104
77 109
77 110
77 115
77 117
77 134
77 137
77 139
77 143
77 149
77 165
77 174
77 180
77 189
77 190
77 208
77 210
77 211
77 213
77 214
77 215
78 84
78 90
78 95
78 126
78 127
78 130
78 132
78 141
78 147
78 160
78 163
78 166
78 167
78 168
78 169
78 170
78 179
78 191
78 194
78 197
78 202
79 91
79 103
79 108
79 113
79 123
79 151
79 155
79 171
79 207
79 212
80 96
80 118
80 141
80 146
80 148
80 153
80 177
80 178
80 181
80 192
80 209
81 87
81 88
81 105
81 145
81 164
81 176
81 185
81 193
81 201
81 214
81 215
82 106
82 120
82 135
82 152
82 154
82 159
82 162
82 172
82 173
82 186
82 188
82 203
82 213
83 93
83 94
83 97
83 100
83 107
83 108
83 128
83 151
83 161
83 189
83 200
84 90
84 95
84 126
84 127
84 130
84 132
84 147
84 160
84 163
84 166
84 167
84 168
84 169
84 170
84 179
84 191
84 194
84 197
84 202
85 86
85 104
85 109
85 110
85 115
85 117
85 127
85 134
85 137
85 139
85 143
85 149
85 165
85 174
85 180
85 189
85 190
85 208
85 210
85 211
85 214
85 215
86 88
86 104
86 109
86 110
86 115
86 117
86 134
86 137
86 139
86 143
86 149
86 165
86 174
86 180
86 189
86 190
86 208
86 210
86 211
86 214
86 215
87 88
87 105
87 145
87 164
87 176
87 185
87 193
87 201
88 105
88 145
88 164
88 176
88 185
88 189
88 193
88 201
89 92
89 112
89 129
89 133
89 175
90 95
90 126
90 127
90 130
90 132
90 141
90 147
90 160
90 163
90 166
90 167
90 168
90 169
90 170
90 179
90 191
90 194
90 197
90 202
91 103
91 113
91 123
91 155
91 171
91 184
91 207
91 212
92 99
92 111
92 112
92 131
92 133
92 144
92 175
92 183
92 184
92 187
92 199
92 204
93 94
93 97
93 100
93 107
93 108
93 128
93 151
93 161
93 179
93 189
93 197
93 200
94 97
94 100
94 107
94 108
94 128
94 147
94 151
94 161
94 163
94 179
94 189
94 197
94 200
95 109
95 126
95 127
95 130
95 132
95 147
95 160
95 163
95 166
95 167
95 168
95 169
95 170
95 179
95 191
95 194
95 197
95 202
96 118
96 122
96 141
96 146
96 148
96 153
96 177
96 178
96 181
96 192
96 209
97 100
97 107
97 108
97 128
97 151
97 161
97 189
97 193
97 200
98 125
98 178
98 209
99 103
99 111
99 112
99 131
99 144
99 183
99 184
99 187
99 199
99 204
100 107
100 108
100 128
100 151
100 161
100 171
100 189
100 200
101 128
101 161
101 164
102 114
102 124
102 136
102 150
102 156
102 157
102 198
103 113
103 123
103 155
103 171
103 199
103 207
103 212
104 109
104 110
104 115
104 116
104 117
104 134
104 137
104 139
104 142
104 143
104 149
104 165
104 174
104 180
104 189
104 190
104 208
104 210
104 211
104 214
104 215
105 145
105 164
105 176
105 185
105 193
105 201
105 208
105 215
106 120
106 134
106 135
106 152
106 154
106 159
106 162
106 172
106 173
106 180
106 186
106 188
106 203
106 210
106 211
106 213
107 108
107 128
107 151
107 161
107 189
107 191
107 200
108 128
108 151
108 161
108 189
108 200
109 110
109 115
109 117
109 134
109 137
109 139
109 143
109 149
109 160
109 165
109 174
109 180
109 189
109 190
109 194
109 208
109 210
109 211
109 214
109 215
110 115
110 117
110 134
110 137
110 139
110 143
110 149
110 165
110 174
110 180
110 189
110 190
110 208
110 210
110 211
110 214
110 215
111 112
111 131
111 144
111 183
111 184
111 187
111 199
111 204
112 131
112 144
112 175
112 183
112 184
112 187
112 199
112 204
113 123
113 140
113 155
113 171
113 205
113 207
113 212
114 121
114 124
114 150
114 157
114 188
114 198
115 116
115 117
115 134
115 137
115 139
115 143
115 149
115 165
115 174
115 180
115 189
115 190
115 208
115 210
115 211
115 214
115 215
116 138
116 142
116 149
116 150
116 158
116 182
116 195
116 196
117 134
117 137
117 139
117 143
117 149
117 165
117 174
117 180
117 189
117 190
117 208
117 210
117 211
117 213
117 214
117 215
118 141
118 146
118 148
118 153
118 177
118 178
118 181
118 209
119 127
119 169
120 135
120 152
120 154
120 159
120 162
120 172
120 173
120 177
120 186
120 188
120 203
120 213
121 124
121 157
121 188
121 198
122 146
122 192
123 155
123 171
123 207
123 212
124 136
124 150
124 156
124 157
124 198
125 178
126 127
126 130
126 132
126 147
126 160
126 163
126 166
126 167
126 168
126 169
126 170
126 179
126 191
126 194
126 197
126 202
126 206
126 212
127 130
127 132
127 147
127 160
127 163
127 166
127 167
127 168
127 169
127 170
127 179
127 191
127 194
127 197
127 202
128 151
128 161
128 189
128 200
129 133
130 132
130 141
130 147
130 160
130 163
130 166
130 167
130 168
130 169
130 170
130 179
130 191
130 194
130 197
130 202
131 132
131 144
131 183
131 184
131 187
131 199
131 204
132 147
132 160
132 163
132 166
132 167
132 168
132 169
132 170
132 179
132 191
132 194
132 197
132 202
133 175
134 137
134 139
134 143
134 149
134 162
134 165
134 174
134 180
134 189
134 190
134 208
134 210
134 211
134 214
134 215
135 152
135 153
135 154
135 159
135 162
135 172
135 173
135 186
135 188
135 203
135 213
136 150
136 156
136 157
137 139
137 143
137 149
137 165
137 174
137 180
137 189
137 190
137 201
137 208
137 210
137 211
137 214
137 215
138 142
138 150
138 158
138 182
138 195
138 196
139 143
139 149
139 165
139 174
139 180
139 189
139 190
139 208
139 210
139 211
139 214
139 215
140 155
140 205
141 146
141 148
141 153
141 168
141 177
141 178
141 181
141 209
142 150
142 158
142 182
142 190
142 195
142 196
143 149
143 165
143 174
143 180
143 189
143 190
143 208
143 210
143 211
143 213
143 214
143 215
144 175
144 183
144 184
144 187
144 199
144 204
145 164
145 176
145 185
145 193
145 201
146 148
146 153
146 177
146 178
146 181
146 209
147 160
147 163
147 166
147 167
147 168
147 169
147 170
147 179
147 191
147 194
147 197
147 202
148 153
148 177
148 178
148 181
148 209
149 165
149 174
149 180
149 189
149 190
149 208
149 210
149 211
149 214
149 215
150 157
150 158
150 182
150 195
150 196
151 161
151 189
151 200
152 154
152 159
152 162
152 172
152 173
152 177
152 186
152 188
152 203
152 213
153 154
153 177
153 178
153 181
153 209
154 159
154 162
154 172
154 173
154 186
154 188
154 203
154 213
155 171
155 205
155 207
155 212
156 157
156 162
156 180
157 198
158 182
158 185
158 195
158 196
159 162
159 172
159 173
159 180
159 186
159 188
159 198
159 203
159 213
160 163
160 166
160 167
160 168
160 169
160 170
160 179
160 191
160 194
160 197
160 202
161 189
161 200
162 172
162 173
162 180
162 186
162 188
162 203
162 211
162 213
163 166
163 167
163 168
163 169
163 170
163 179
163 191
163 194
163 197
163 202
164 176
164 185
164 193
164 201
165 174
165 180
165 189
165 190
165 208
165 210
165 211
165 214
165 215
166 167
166 168
166 169
166 170
166 179
166 191
166 194
166 197
166 202
167 168
167 169
167 170
167 179
167 191
167 194
167 197
167 202
168 169
168 170
168 179
168 191
168 194
168 197
168 202
169 170
169 179
169 191
169 194
169 197
169 202
170 179
170 191
170 194
170 197
170 202
171 200
171 207
171 212
172 173
172 186
172 188
172 203
172 213
173 186
173 188
173 203
173 213
174 180
174 189
174 190
174 201
174 208
174 210
174 211
174 214
174 215
176 185
176 193
176 201
176 208
177 178
177 181
177 186
177 209
178 181
178 209
179 191
179 194
179 197
179 202
179 206
179 212
180 189
180 190
180 208
180 210
180 211
180 214
180 215
181 209
182 195
182 196
183 184
183 187
183 199
183 204
184 187
184 199
184 204
185 193
185 196
185 201
186 188
186 203
186 213
187 199
187 204
188 198
188 203
188 213
189 190
189 200
189 208
189 210
189 211
189 214
189 215
190 195
190 208
190 210
190 211
190 214
190 215
191 194
191 197
191 202
193 201
194 197
194 202
195 196
197 202
199 204
199 207
201 214
201 215
203 213
206 212
207 212
208 210
208 211
208 214
208 215
210 211
210 214
210 215
211 214
211 215
214 215
