-4.1645960366627515 -3.6256809291341465
-5.1275721816545765 -4.9920501036570348
-3.9735190402324529 -3.1211455778302213
-5.4561157188314864 -7.7588152039988110
-8.8643616147191793 -7.5284928367000576
-7.0977873451946172 -8.3656689371883175
-8.2992830399317210 -6.8368407888495479
-6.0482795225724493 -6.4542004520060461
-3.8373053689635896 -3.4414288997244307
-4.1299907652597323 -2.4958670664093456
-6.4196895176812889 -6.8124512848647569
-4.3313565178853910 -3.0568428483282664
-3.7761863068901973 -3.3664339990389029
-9.3725516147191801 -7.5614714453990004
-3.6810053271393595 -4.1336681745978288
-7.6240629750511033 -6.7121964502203824
-9.3365016147191788 -7.5808575423762301
-7.8336453818962450 -8.3174516959583489
-4.0912076661525418 -2.5531483255760339
-8.5954030399317212 -6.8679869391995467
-6.7869405188404466 -6.5144902750264926
-6.0242702645003385 -6.5902417908459432
-2.4633576410881943 -2.8837974120357335
-16.7116332448736493 -17.1829385794559677
-18.2761911543373827 -18.4061894219157232
-6.7157416490948325 -8.0028615135849375
-17.2407089273492460 -17.3371546795451152
-9.5353187804423065 -11.4603694956522322
-15.5200375710222502 -15.9925630440731954
-8.8104318484386290 -11.2847454895750765
-2.4057665386897753 -3.5060454800921614
-16.9277740529534597 -17.1790940691565019
-5.1023257442471444 -4.7957168432269217
-14.5998927001256700 -15.9873114905443554
-17.3267561266418610 -18.8551304781138498
-2.4390076410881938 -3.8964898302488775
-10.5026900896331892 -12.0499664251268364
-2.4457550142599329 -2.9784530682785966
-12.8639903942509655 -13.9764270311886740
-10.7866500817632502 -12.2479591835523358
-4.1651202202746980 -3.7324412118584136
-6.0510664168015911 -6.3564503925716132
-17.3790965303941292 -18.0677770115946430
-4.5227523440751591 -4.2538955438545338
-4.0742446716801402 -4.0375253017341235
-12.8895527745113618 -13.9613017437788649
-2.3929144444886816 -3.5896813960086091
-18.0511403628484004 -18.2028873501463444
-6.0152479263420782 -6.5219699435084797
-18.3914413525871012 -21.2706048327563053
-9.1113415888186324 -11.2596185139016871
-17.6331741387304035 -17.7886425334667422
-4.8603218422512402 -4.8946261346423237
-6.0342965353873028 -6.2880999468349215
-18.1259947813824631 -18.1440241695832292
-16.8991500722469290 -17.2718323213509564
-3.3772720578382933 -5.0027304227713110
-2.4253208545273734 -3.6420002262713367
-4.6710509336694361 -5.9650632477272216
-2.7649945340240198 -2.6426940160521393
-2.6017096269110018 -2.3491158039542444
-3.0962502635173879 -3.7187284438007948
-2.5572748184328669 -2.7488069831164790
-3.6077902635173880 -3.0942113132989717
-9.1355680041628418 -8.9314337518038140
-8.2555796348085710 -8.0125111734136798
-3.3863486267086418 -3.7478287166203610
-8.5884696788830048 -8.0718516588752927
-10.8515696896550775 -9.1696052497425153
-3.3542430430947219 -4.1255954978524692
-7.3750916527593278 -7.9249012871332924
-7.0434656619398659 -7.8385946324047895
-3.6844226617307712 -6.4311952608094547
-9.9965909824781942 -9.2646580608878040
-8.0683725861189650 -7.1514667493301998
-9.3547974707730965 -8.2760609198063406
-6.1452079677935858 -6.2983052760232630
-4.4914642805895610 -2.8095269544292911
-6.6510693420689995 -6.6386446798155330
-9.7163098486395096 -7.7888163009323845
-9.5608752271374655 -8.3761301525187015
-9.6861689614539976 -7.6332059941634078
-2.3698460996694521 -4.7336130586367142
-4.8485687405384024 -4.9717029050029566
-4.7449287405384037 -4.7256023385652810
-2.4214485311875777 -2.2696438056280202
-4.7610287405384026 -4.6367452072043207
-2.2609788963637034 -2.3900330539510524
-3.3841508241229392 -5.3593789695275298
-10.4141301404153825 -10.8181808605051231
-10.1135418245690794 -10.3266322996269757
-7.0595108711150489 -10.0116364189805012
-8.4078086938042791 -10.6803352980418627
-6.3068013509011562 -7.8743378725401616
-5.5446961915927826 -7.3392066953949211
-11.7013322970376610 -12.4628761580110421
-11.7256029239179380 -12.6338438583904864
-3.9009404468371431 -5.6406827594960616
-10.3998511481857552 -11.1690360683159362
-5.4118852432716755 -7.3943682633747665
-5.7063996920132380 -10.3640703765515152
-11.9027319495765571 -12.7052474137878644
-7.5773551143066653 -10.7383084599149843
-11.9162922970376606 -12.4113529249698278
-2.5942196155142017 -2.9760880396092348
-6.3384863760134227 -6.7418794055444868
-3.6338157541691363 -3.3203573992955104
-5.7940628215428793 -8.6356774142388097
-9.2881013010779530 -8.4911476305874380
-7.3448833514090390 -9.1516800509313452
-8.7408634760718513 -7.8173363325182841
-6.5173825325010633 -7.4622185694632650
-6.3085467449545929 -6.4515853832440389
-3.8468056577311271 -2.7515970664093454
-6.8476010680815778 -7.7792779427936507
-3.6923788006652534 -2.9567802386367332
-6.3168986053417377 -6.4460614050190488
-9.7962913010779538 -8.5241262392863799
-3.5961310965657836 -4.5877090515528582
-5.0925735668882961 -4.7196221495861792
-9.7602413010779525 -8.5435123362636087
-8.1253097437589350 -9.1480311653496464
-3.6737259695208442 -2.6745817364729407
-9.0369834760718515 -7.8484824828682820
-6.8559985148575571 -6.1391471304528666
-5.0133460229739581 -7.4515675861388244
-8.3681393723692565 -7.1677926723476766
-6.7183390092822153 -8.1217426792734582
-4.6383352693290707 -3.3114150962444389
-4.1995946575978413 -4.7410376650289789
-5.1964573519003370 -4.9361029606587188
-5.6691387936928130 -6.1974226388738218
-8.7318251376175446 -7.5928335460579612
-5.2012647807377013 -4.9270345508839481
-8.8763293723692556 -7.2007712810466193
-5.3400686872621916 -3.2113781222887061
-4.9390546475985726 -5.5272395730545831
-7.9604955031987155 -7.1841510563655353
-5.2883686872621922 -2.6227446283861378
-8.8402793723692561 -7.2201573780238482
-7.4218020279686119 -8.0411304200282583
-9.6626725355859850 -8.2601352730070179
-4.8221918432094526 -3.2302978204748194
-8.9205497057023546 -8.7243899603842348
-6.1276217384843479 -7.3908482598661882
-4.8729305915496672 -3.2720131141391406
-5.5261967420865812 -5.8486575952398256
-5.3469177837655790 -5.8432571725679114
-4.5517889470465152 -8.0118375794315089
-6.1950866338960964 -7.1065714629137142
-5.7228380735434170 -7.4334447230295781
-10.7988219879839118 -10.2451077843726690
-5.7609788164509714 -7.2961892597038673
-7.2291541410195812 -7.6122674777144770
-10.8340665083772638 -10.2337891392826084
-4.4426605915496671 -2.5246860358245340
-5.5546019108228544 -6.2828014046459773
-5.1896686273568102 -9.6312895419555904
-10.2372226247759261 -10.8171343481585023
-9.9371826247759270 -10.7764708837163248
-3.0971438708792904 -4.1359789929164510
-9.4137856948359193 -10.5315671547045948
-4.2190515987680381 -3.0962002641340072
-8.0907284197036073 -7.8226486998676368
-8.1389310368574499 -9.8538305790670044
-6.7625966861498661 -7.1415479899325076
-8.1817482672709190 -7.8172831052516862
-10.1634726247759257 -10.8258517277499795
-4.8985039922703093 -5.8420465056544231
-7.0058673508859544 -7.9931309700868223
-6.0902172247800932 -6.5690958204829561
-4.0861115987680376 -2.8207996976963301
-9.9174626247759257 -10.8322939213596641
-3.7625815987680373 -2.3647913741098936
-4.3663935667646800 -6.0368296028327189
-4.2735715987680383 -2.9033025663353711
-10.1695326247759272 -10.8505700533701841
-8.8441289696777972 -10.1323584921671568
-5.5085729575110554 -5.9230514213949315
-3.9763569856340903 -4.8147787557936494
-15.7432132955371493 -16.4869688739334244
-17.3077712050008827 -17.7102197163931763
-5.7510475773897483 -7.3106176856938072
-16.2722889780127495 -16.6411849740225719
-8.5668988311058083 -10.7643997901296871
-14.5516176216857520 -15.2965933385506521
-7.8420118991021317 -10.5887757840525314
-6.0029635790260363 -7.3756927642423769
-15.9593541036169615 -16.4831243636339551
-2.6865772052036796 -2.6524185479974105
-13.6314727507891718 -15.2913417850218103
-16.3583361773053646 -18.1591607725913065
-9.5342701402966910 -11.3539967196042912
-2.5440773972742403 -4.7484220065817038
-8.0671557428229423 -8.8723040406555604
-11.8955704449144672 -13.2804573256661289
-9.8182301324267520 -11.5519894780297925
-2.7739942240992210 -2.6137654594968911
-2.2948213824940082 -2.8726556020779839
-16.4106765810576292 -17.3718073060720961
-8.2849200701276793 -8.2885135137210089
-2.5989992049030390 -2.8347300787709768
-11.9211328251748636 -13.2653320382563198
-5.9158384654512828 -7.3850556607851647
-2.4274973972742400 -6.2050214906842518
-17.0827204135119004 -17.5069176446237975
-3.9570216549616046 -4.7361939159419606
-17.4230214032506048 -20.5746351272337620
-8.1429216394821342 -10.5636488083791420
-16.6647541893939035 -17.0926728279441988
-2.4099182901311056 -2.7166728263361426
-2.2509920518146140 -2.7772457070761867
-2.7262973972742399 -4.6305118268072727
-17.1575748320459667 -17.4480544640606858
-15.9307301229104290 -16.5758626158284130
-11.5763749597318952 -11.2395412252031814
-10.0974187310822554 -10.6933536115823298
-10.0744651132102838 -10.5293247921253474
-11.2967487074151229 -11.7242737130949699
-10.2216907603584914 -10.6829945021091763
-3.4619683753171167 -2.6634497309820340
-7.4551116294414159 -9.8995510710373331
-10.1241572502258474 -10.5132096196454103
-7.5368236684786059 -10.0863365670125660
-3.4653706353395366 -2.5243914245667769
-4.5881121579241819 -9.1709522395678498
-3.5872522502760984 -2.5413159081423791
-3.1475934737153612 -3.3442442042204883
-3.8945889084690899 -4.6334000626519147
-9.4337960464991344 -10.4250429585549753
-12.1391131768899356 -11.4416176352760939
-2.7930222061766359 -3.7257908212054232
-9.5440006207617625 -10.3356940342055417
-3.9487854004677039 -4.7131441406762660
-2.8454576921244996 -3.6435951684038974
-12.7714014610506759 -12.3097165512443070
-3.8532051739403759 -2.8957851675510526
-6.2347768505854626 -9.0160500267100936
-9.6155489751179868 -10.3414350790662652
-5.9905037433912565 -8.8768503764539304
-13.3203332542138213 -12.7161877779697754
-5.6050168272755778 -10.5246906434479595
-3.6083951739403757 -2.8154356599841992
-13.3734895203209287 -12.6643869127159228
-11.1262522911192665 -11.6597367561531087
-3.9374851739403756 -2.5397052146762364
-3.6100251739403757 -2.2614070664093457
-8.5538230094966377 -9.8819036560811924
-3.2503132004094288 -2.8896513933243000
-3.4434908462315463 -5.7869823572534331
-5.8607154182209529 -7.3201016849209140
-8.7895304590508889 -9.3081510575222541
-8.6112211701864236 -9.3037203043068768
-5.6988787335421547 -9.3550871112452700
-8.4122077922767531 -9.5198523666124899
-7.6390560674830441 -9.5458224622873260
-2.9425925992984423 -2.5850381410053198
-5.7536272300018760 -7.4849974185728936
-3.4566008462315470 -5.0160170793218368
-9.1967782177014321 -9.7760512997144495
-2.9437301361599122 -2.5396125123833766
-7.8203971401636254 -7.7814629311277628
-8.4942827588126679 -9.0598971010834148
-8.1692210589600691 -7.8567372913113838
-14.4830365691788074 -13.0052063816252730
-8.2896802407897852 -9.2651669479065610
-6.3212210044150954 -7.0751648911480878
-6.2254710136305595 -7.2247342364545108
-4.7516798312603186 -7.7025866826980289
-3.3735017311546498 -2.8457030619232873
-11.6998394656426967 -10.9870678812129583
-7.4846163772602337 -6.6100140786525055
-9.7766748473173166 -10.1339064079060215
-3.6076400282305330 -5.5851955382473042
-3.5938900282305331 -4.7853702355963117
-8.4487753559015566 -8.6404849460071187
-13.3477767281632413 -11.6244174328151431
-7.9185466823434076 -6.9379358600836705
-13.3176358409777276 -11.4688071260461655
-3.0299343563997847 -2.6211553632107307
-3.7549877416476178 -3.4235416907723857
-4.0855805483758525 -2.3378216654709543
-4.7030886284504048 -3.1210135169313675
-5.7982965764787959 -3.9202443885890212
-4.7982509324650859 -3.3643247322156804
-9.0070216742007947 -8.8659464726157857
-4.3926041359298011 -4.2241942611095755
-3.4022010128108220 -3.2675698740614330
-12.2252138474298242 -10.8307603225946671
-5.6391914948332760 -7.4876960559291197
-9.0782825648321097 -8.8714000537516000
-5.4778315982134771 -7.4314096162473646
-12.7741456405929696 -11.2372315493201373
-5.0590110012497078 -9.0459162023933022
-4.5427337889691630 -2.8170056599841988
-12.8273019067000771 -11.1854306840662847
-10.5800646774984148 -10.1807805275034688
-4.5087737889691635 -2.2273870664093458
-8.0206896161573713 -8.4160016477131379
-3.9877832144997418 -2.6943527923858257
-4.8895402028112285 -8.6029616235868875
-9.9370888536940711 -9.7888010832535262
-9.6370488536940719 -9.7481376188113487
-4.8793084563963616 -5.1899440846103992
-9.1136729575344511 -9.5032549235800037
-7.7054249270993411 -6.7091457134402477
-3.6097010925911599 -5.0016083500650064
-7.8375978283477448 -8.8242978767341764
-5.8821092237389516 -5.5328610336984712
-7.7964407660354889 -6.7037761101931341
-9.8633388536940707 -9.7975184628450016
-5.0008922390900103 -5.2162352586510021
-6.6906592236954001 -6.9497233490731460
-3.3612463849480139 -3.1119254868277544
-9.6173288536940706 -9.8039606564546862
-3.0700759727975595 -4.0123125150424750
-9.8693988536940722 -9.8222367884652080
-8.5439240168364492 -9.1039540455026877
-5.6138676204772970 -5.3001465905380512
-3.8702188702941087 -3.9475518126079305
-3.7795603205584700 -2.4405804308426258
-4.1872296352613505 -3.0139335169313677
-5.5269682430838296 -4.0576950483831080
-3.5212860732884126 -2.4961388662280610
-4.4785536994829833 -4.7282287847849345
-6.4966829728510893 -8.1773583844341591
-3.1302986388841427 -2.6684953000588818
-3.8177238842255785 -3.8319131367818562
-3.7997483673768491 -5.3990279847140279
-5.3345578768682742 -5.3962465682052532
-4.9125224006395483 -6.3435227269206678
-5.0060208799035983 -4.2945424557763863
-5.2653480281880105 -6.6149525602232382
-7.1847384953618025 -6.9967521013968295
-5.1431789695275301 -3.5498192482179718
-7.6952716450430483 -3.8335624538268438
-7.3952316450430482 -3.7928989893846663
-8.3232989492693097 -4.9205131567076901
-6.9109924372637899 -3.5871529825336839
-8.7995249271531080 -4.0898242927183563
-7.1751048207863919 -4.4483834483971654
-8.2016651504715608 -4.1389955396554203
-8.8903757717901417 -4.0842896951721279
-7.6215216450430487 -3.8422798334183201
-8.4817014222952132 -4.9836230210805459
-7.3810908665107720 -3.9267335711128588
-8.9448491273340025 -4.9821068084380844
-7.3755116450430478 -3.8487220270280043
-7.7416022747801376 -4.9704173962493945
-7.6275816450430485 -3.8669981590385252
-6.7371759731143799 -3.5837845810049584
-9.1045642998368059 -5.0774218491219019
-3.5993069526517392 -2.6401336103459965
-5.1829526560693369 -4.0035416227068419
-6.0886069808685699 -4.6722941488389029
-7.0839315668377019 -5.5373254298231593
-4.4526825775751728 -3.5133092059707955
-5.7623172461246410 -4.6598370967504676
-2.9118500664093450 -2.2538870664093449
-2.4186400664093455 -2.2772310664093451
-2.7091700664093454 -2.2180070664093452
-2.5000700664093456 -2.2090370664093455
-2.5891500664093452 -2.2515170664093453
-2.3148500664093454 -2.1561470664093454
-2.6797000664093451 -2.2968670664093449
-2.7436600664093453 -2.1753670664093452
-5.7751754477511739 -8.9302483953207314
-9.2055612014062689 -8.7220658857893802
-7.3919185329998776 -9.5121735873958109
-8.6538181818523050 -8.0437493931723623
-6.4233021981998775 -7.6815965900357055
-3.2968773066968065 -3.7533742998598787
-3.2753373028575012 -2.4935870664093454
-6.7638770404417885 -8.0090122700274868
-3.4178235255605069 -2.9956833184056131
-6.0766649578218628 -6.5192861123728001
-9.7137512014062697 -8.7550444944883221
-3.2337404475018769 -4.5387767573625775
-7.7152195749696428 -7.6557265125411531
-9.6777012014062684 -8.7744305914655509
-8.1402179714247822 -9.4763977478891182
-3.2781069410882657 -2.5924210629139885
-8.9499381818523034 -8.0748955435223611
-14.5702255522978028 -14.4755593605345165
-16.1347834617615362 -15.6988102029942720
-2.4934561200188838 -3.2146044581633828
-15.0993012347734012 -14.6297754606236641
-7.3939110878664618 -8.7529902767307810
-13.3786298784464037 -13.2851838251517460
-6.6690241558627843 -8.5773662706536253
-5.2064984349405616 -5.7408058499973418
-14.7863663603776150 -14.4717148502350508
-4.5743629000476416 -3.7017824726818143
-12.4584850075498235 -13.2799322716229042
-15.1853484340660181 -16.1477512591924004
-8.3612823970573444 -9.3425872062053852
-6.9036149302270200 -6.8703414579000786
-10.7225827016751207 -11.2690478122672229
-8.6452423891874055 -9.5405799646308864
-5.5045687455419152 -4.5059182107800257
-2.6391714491019300 -2.3785838985263466
-15.2376888378182827 -15.3603977926731901
-8.3606715859471308 -7.5258432593809008
-4.3066960094220388 -3.7040051131304170
-10.7481450819355153 -11.2539225248574137
-2.6479091674337996 -3.1033070664093461
-2.6944991674337992 -4.4414335384479759
-5.1091008172744790 -5.7398962424488014
-15.9097326702725539 -15.4955081312248932
-2.4575043063703648 -2.3982547971911612
-16.2500336600112583 -18.5632256138348559
-6.9699338962427877 -8.5522392949802359
-15.4917664461545570 -15.0812633145452928
-3.0628415713984234 -2.5311743374439013
-2.7393474640740649 -2.4271793491760785
-15.9845870888066202 -15.4366449506617798
-14.7577423796710825 -14.5644531024295070
-13.1642815821420900 -11.1243520712056743
-4.8075369229721483 -3.6542712991808353
-7.0152494979733042 -8.2952235341944274
-10.5553765758691274 -8.0673548204480312
-6.7438573188701332 -7.7134227886230020
-9.3659863336706408 -9.2144581032856774
-3.6687813591012639 -3.4688312613143917
-9.3457208517989265 -9.1919622011059658
-10.2348570111701811 -9.2319699184469091
-10.4567531587379481 -8.1331918957500005
-10.0733913221317763 -9.4022352936663598
-9.1079432155935063 -9.2186038327417830
-8.9873997373509464 -7.3096020526994536
-9.0529971293631686 -7.3728029738305851
-8.1213748204765448 -8.4267874664464273
-9.2653615603983877 -7.4112056567300550
-4.7261311084800406 -6.9620297237551974
-3.7325432436352752 -2.7247141448315397
-5.5415564746517738 -6.9913797872759380
-7.0088114819372462 -7.9833627535381657
-3.7907627054737825 -2.8242700351144698
-11.6229016002032228 -8.6945198919073121
-8.8581253788444059 -7.3652973672042714
-8.8696400862841500 -8.7241784296864964
-10.5404045166525311 -7.8773254198637819
-4.1758580267249386 -7.2274378996573496
-10.0233970326343176 -13.3433005797918565
-15.8215664159693326 -15.3734741714846521
-5.9369387477769324 -8.9464337284662161
-2.8305074120357330 -3.5103465824905795
-3.9684402056557002 -5.8568414862071512
-11.5558646041480753 -13.3958440172976196
-4.0071081668412578 -5.8932790270847129
-2.2804623728211091 -3.3175047910342528
-2.6512174120357335 -2.7634756951068580
-15.7229429988381533 -15.4393112467866196
-12.9194891351998322 -14.2882626176708314
-5.0149395779737915 -7.1655297060584831
-14.2535895774511516 -14.6157214037360745
-14.3191869694633738 -14.6789223248672052
-2.4484851828571759 -4.7938273397634736
-14.5315514004985928 -14.7173250077666751
-2.7756374120357332 -3.5519645926081220
-7.5931765734737917 -11.8690046996853624
-12.8185380198993180 -13.8506384320319977
-8.4683579410289394 -11.9581107645895166
-8.3450192088972202 -11.3594999914345536
-12.7662680198993179 -13.8397048604764201
-16.8890914403034280 -16.0006392429439330
-14.1243152189446111 -14.6714167182408914
-2.3350378753935388 -4.2295057297323000
-15.8065943567527363 -15.1834447709004028
-6.5451256750730415 -11.6366350589418683
-7.5461106931413386 -8.1506592444479473
-4.2582603151170755 -3.9847107565042532
-13.5655129982024629 -12.1266170196847938
-7.3712265611550540 -8.3856474773076926
-6.8470571157181848 -7.6399352114870398
-6.5409059130512093 -7.5791033449110232
-3.7770979502634168 -6.7669390107369907
-5.2760058191946699 -2.3273708408675691
-8.5923265464102148 -8.1034620862147140
-10.7823158946663522 -10.1084785192724773
-8.6658621267678946 -7.8301940371960299
-8.8591512763409721 -9.2553170459655387
-6.7848998813467807 -7.0155436804882054
-12.4302531571868968 -10.7458280708746603
-8.9095666403798539 -7.9678900271559803
-12.4001122700013848 -10.5902177641056845
-4.7232017309574816 -4.3818946639535028
-12.6860480205014419 -13.5018625504092267
-3.0108239389812845 -2.6359643565948332
-8.8877657969151063 -10.3415111775427135
-3.8930440339634349 -3.8942641724320621
-8.5984550402252555 -10.6014633467793811
-12.0508849973047685 -12.6798586041248349
-2.8110038214224486 -2.5910185030431694
-15.5326966037087022 -14.7547823681061594
-4.5390832645940655 -5.4551967204304317
-4.6837566799930892 -5.7408256968827560
-7.6814851025591393 -8.7574561034704654
-13.1844920805450467 -13.2458847999813916
-5.4246666114682727 -6.0657979138236602
-6.0738840657181203 -7.0638878329248866
-16.7051404734070594 -15.8011561304084545
-14.5178606200619420 -14.3519392612496421
-2.9987210500598409 -3.2160961966780337
-18.9533683745571544 -18.2132062397542107
-14.9003827342925579 -14.3923580297642228
-5.7073476435954058 -6.3077912782805896
-11.9417237955711499 -12.6671854125087595
-3.0873282243784872 -2.7677698770941119
-14.4878876700155228 -14.5233043525996042
-5.8637882513677821 -8.2716463969546670
-8.7199460093520837 -10.3969175998528183
-3.3469529756705128 -4.1011246645275579
-4.3634562260675418 -4.0476192862215630
-14.7271489587302344 -14.2901479165389969
-14.4941822100916422 -14.2766802869569407
-3.2048360012238786 -2.7515600548423231
-2.7806867089115817 -2.6820636234332920
-2.7575068693317268 -3.0168834048895494
-9.5091437797140355 -9.9680671783686190
-7.8256367198281307 -8.3635064563142301
-9.9851016619569606 -9.1371102187384121
-3.5186933221506140 -2.2060170664093453
-8.3320847732307364 -9.4670725920577148
-9.3874375527264959 -9.1864771331265604
-10.0759519065764778 -9.1315750211746689
-2.7419530481869550 -2.8244204277784322
-9.6675462300336328 -10.0311770200351695
-3.4936333221506142 -2.2572070664093453
-8.5661031629248630 -8.9734550587431556
-10.1306866137087148 -10.0296534860290016
-2.7341023606311605 -3.0690219338323210
-8.9274461062439840 -10.0179704189294458
-2.8379114948044517 -2.9390372000161329
-4.1431633221506150 -4.0133442404290109
-7.8606758711975884 -8.5689936703043710
-10.2904091816179690 -10.1249759221192690
-8.8107824362765221 -5.1722141730900768
-5.0664841579903745 -4.0316662648167503
-8.7008689613692987 -4.9357272251198010
-6.5707042524628756 -4.6739256967291469
-8.1883446895188161 -5.4897687351123325
-6.4581878581746066 -4.5482501401907500
-10.2357041786473069 -6.6584910239228563
-8.1926731985551715 -5.4802214055365530
-9.3189724362765229 -5.2051927817890187
-7.2244490052056962 -5.3744123674968396
-9.4632188445576535 -6.2486528345596071
-9.2829224362765217 -5.2245788787662484
-5.9002840526546452 -4.0813908815494244
-11.1669324029855854 -7.3261735772417511
-8.9969889613692988 -4.9668733754697989
-9.4684803152718580 -9.6680271783686198
-7.7849732553859532 -8.0634664563142291
-9.9444381975147813 -8.8370702187384129
-3.4051698577084371 -2.2937170664093451
-8.2914213087885589 -9.1670325920577156
-9.3467740882843184 -8.8864371331265612
-10.0352884421343003 -8.8315350211746679
-2.9471323694138736 -2.7702232134475273
-9.6268827655914535 -9.7311370200351686
-8.5254396984826855 -8.6734150587431547
-10.0900231492665373 -9.7296134860290007
-2.7565064907066974 -2.8320495283500344
-8.8867826418018065 -9.7179304189294449
-2.9056626062579678 -2.7474117759118264
-7.8200124067554109 -8.2689536703043718
-3.6610798577084371 -2.6456914246832239
-10.2497457171757915 -9.8249359221192680
-9.1446301358616608 -9.2235764736931749
-7.8216269234154865 -6.5147120815423554
-7.8697809781720949 -8.5458453983444880
-6.4784678838687766 -5.8185840656142576
-7.9126466845976529 -6.5093464005412596
-9.8943171783686186 -9.5178611593055109
-3.6087276818175793 -3.5134350731645325
-6.7368803078088595 -6.6853088049725669
-5.7158664336593787 -5.1559099073250811
-9.6483071783686185 -9.5243033529151955
-3.8471902188261637 -4.4787911328570420
-9.9003771783686201 -9.5425794849257173
-4.7180667208051981 -3.5515496389742163
-8.5749738713514354 -8.8243682718036336
-3.8511959910502060 -3.2268393328969216
-9.7007066213127295 -8.3148454416080817
-8.1490283776451840 -8.7461464599860630
-9.1021864230676268 -8.3633562669815920
-9.7915594946810049 -8.3093128727930967
-8.2897564563142296 -7.8343540994196070
-9.3819790059220622 -9.2077400594375014
-8.2842788056002146 -8.1537609649324061
-9.8451482138370991 -9.2062453496712866
-8.0437464563142296 -7.8407962930292907
-8.6418827162293574 -9.1945372924287199
-8.2958164563142294 -7.8590724250398125
-7.7666667266401923 -7.9371147892608755
-10.0048416606194763 -9.3015386646346769
-4.6151330586367143 -2.3804202572568003
-10.0177357281665920 -9.9904010549313753
-8.9910312215373143 -8.9974752843729338
-12.0611850279728419 -10.8078067047226956
-6.6085550197464933 -8.5981347824273460
-3.3503680783257863 -3.2845607688302856
-5.4136531207356970 -7.5083063403545935
-4.0068685873841554 -4.2876617585954886
-12.6101168211359873 -11.2142779314481640
-4.8913852142795884 -9.0193656170081908
-12.6632730872430947 -11.1624770661943113
-10.4160358580414325 -10.1578269096314955
-4.0921285873841544 -4.2671962883342474
-3.3313689476247315 -3.8677561807655079
-10.8601001976414064 -9.7077449771124975
-2.9431553308562521 -2.7229176397994999
-3.8097992352694310 -3.9356077296228054
-3.4859592352694304 -3.5057592059707958
-4.3752899585157703 -4.4090686945866073
-13.2561339489424643 -12.0300902989275347
-6.9626893206820872 -8.9796037565981575
-10.0631188182441669 -10.0246461819838846
-6.3437623168698218 -8.4657502097239359
-13.8050657421056098 -12.4365615256530031
-6.0889747280552919 -10.2442898040191128
-13.8582220082127172 -12.3847606603991505
-11.6109847790110550 -11.3801105038363346
-2.8164439141489370 -5.3772841697312570
-8.9847415213860362 -9.5484634277620284
-4.7880048583687351 -3.6629843110750446
-12.2148547379566708 -10.9550323518709050
-4.6866426502197740 -2.9310851675510530
-5.6246088749289331 -7.6077445747741654
-9.0687106812571745 -8.9964593089260543
-5.4704699977518212 -7.5586791545350973
-12.7637865311198180 -11.3615035785963734
-5.0486678569460484 -9.1702041968390322
-4.4221726502197747 -2.8310756599841995
-12.8169427972269236 -11.3097027133425208
-10.5697055680252614 -10.3050525567797049
-4.7728526502197752 -2.5769352146762374
-4.4929526502197747 -2.3461970664093457
-8.0114850380473346 -8.5414282083524906
-3.9083979407446670 -2.7495986573801399
-6.6206776865912422 -6.4297174415593981
-6.5008403966936763 -9.0489152244693898
-8.4399829090419036 -10.3084587931897467
-7.6593265398476849 -8.8228123413969488
-7.4698874466931180 -8.8603472304055160
-11.9177577047493735 -12.2752508456330141
-11.9420283316296505 -12.4462185460124584
-8.0598534345246691 -9.3955450270938456
-10.4821979968978169 -10.8473321969382557
-7.3230022548775509 -8.9014345548909013
-3.6329715442126793 -3.9790177296228055
-5.9484076053251353 -10.2020275697736729
-12.1191573572882678 -12.5176221014098363
-7.7184629284419159 -10.4753655539604953
-12.1327177047493731 -12.2237276125917997
-10.1532221289929954 -10.1310398329982885
-5.1523946526580877 -7.8914297254656445
-7.2567395487947088 -9.3161756779743961
-7.4841384470099852 -8.8385844935910942
-7.2684425711736500 -8.8498625999178913
-10.7826588380586692 -11.3311122239741540
-10.8069294649389462 -11.5020799243535983
-7.5975487738420542 -9.1242006114430758
-9.3119695394405344 -9.8680639845128191
-7.0475653738926258 -8.8169579189378204
-3.6484412991808348 -3.7938778241684128
-4.8210385852258586 -9.2656187947062385
-10.9840584905975636 -11.5734834797509762
-6.5644257563834554 -9.5122886269338789
-10.9976188380586688 -11.2795889909329397
-9.6368883318268530 -9.8056662808639885
-8.1884532209538285 -11.4314113068848275
-10.8574988417382592 -12.0450698554929048
-8.2701652599910176 -11.6181968028600604
-2.7462210512125260 -2.6037604847748494
-5.3214537494365937 -10.7028124754153442
-3.0374433663468046 -2.7625044763226918
-2.8155964425386379 -2.5681787447400017
-3.6587893406202245 -4.6539587154604352
-5.0356829050029575 -5.0416028981257517
-10.1671376380115479 -11.9569031944024715
-12.8724547684023474 -12.9734778711235883
-4.3402272927647410 -3.6606283491368705
-7.4205064664798561 -6.0359174402534084
-7.1779641254292361 -6.0203490813659215
-9.6714745601963603 -7.4808928733042892
-9.6957451870766374 -7.6518605736837335
-7.3005886449240185 -6.0882054097174834
-7.1214846734390651 -4.9385440457037921
-6.8881817957982268 -5.9185392680358646
-5.5515663719883914 -2.9579678241684126
-5.5815263719883914 -3.0292642526128351
-3.8583028804217374 -5.5638480170945614
-9.8728742127352564 -7.7232641290811115
-5.1168503862338577 -5.3256781839767244
-9.8864345601963599 -7.4293696402630749
-9.3072385092898990 -6.7369813855194796
-13.9092988629611956 -15.0664204598729601
-2.6010093366387914 -2.5674568212563189
-10.1110166393748617 -11.9060690870064469
-2.6624855401491203 -3.0050127456217264
-9.8217058826850092 -12.1660212562431145
-13.2741358397645222 -14.2444165135885683
-4.4072770448864436 -4.5285987935111436
-16.7559474461684559 -16.3193402775698928
-6.4868339441489917 -7.7442544669893367
-7.3035656464842544 -8.7019417303779001
-8.9047359450188939 -10.3220140129341988
-2.4445859086665336 -3.4564005959395536
-14.4077429230048022 -14.8104427094451250
-6.6849090274648582 -7.6673473968242254
-7.3169199602357180 -8.6482307944464640
-17.9283913158668149 -17.3657140398721879
-15.7411114625216957 -15.9164971707133773
-6.2583425497995684 -6.8170247634217409
-20.1766192170169099 -19.7777641492179441
-16.1236335767523116 -15.9569159392279563
-6.9310679303866465 -7.8728186320758091
-13.1649746380309054 -14.2317433219724929
-5.1741615692429690 -5.1959102889625717
-2.4487759086665339 -3.5160266929167840
-15.7111385124752765 -16.0878622620633394
-8.4377917736007753 -11.1869569861916389
-9.9431968518118392 -11.9614755093165517
-2.4181033839729800 -2.4435735111309800
-15.9503998011899881 -15.8547058260027303
-15.7174330525513959 -15.8412381964206741
-5.3702027289885361 -5.2582338496109600
-2.6062817868954031 -2.8489657684210927
-6.9073931517382663 -9.5111435217510891
-8.3887924372298617 -8.2622189641668093
-3.0098019872406110 -4.7294471129315063
-4.6481206450100663 -6.3899103524627838
-7.9470037420750508 -8.8869960508550125
-4.5824159177431794 -6.3110464629457672
-10.2071892349539244 -10.2685443434159200
-7.9509041364991653 -8.8770206066669921
-3.2899567029996382 -2.8147453116985801
-7.0011335957200664 -8.7896652211976569
-9.4355277593197648 -9.8595300125081646
-3.2105354265109836 -2.7907601321871551
-3.0484519872406111 -5.0400810348025633
-7.5868176043019941 -9.4064926963832196
-11.1381459214226926 -10.9359553588653053
-8.6849124372298601 -8.2933651145168064
-14.0309382328848251 -12.8402641205905876
-6.3255480859778856 -6.9634789366977063
-12.3102668765578276 -11.4956724851186696
-5.6006611539742082 -6.7878549306205498
-4.2339272248880313 -4.0470863018003129
-13.7180033584890388 -12.6822035102019743
-6.4815491978472313 -4.8878204323369037
-11.3901220056612473 -11.4904209315898278
-14.1169854321774420 -14.3582399191593222
-7.2929193951687683 -7.5530758661723096
-5.7067365440386126 -4.9523147335671718
-9.6542196997865428 -9.4795364722341464
-7.5768793872988294 -7.7510686245978100
-7.5265929394053943 -5.8067940664990054
-5.3280829529475451 -4.3463470642274622
-2.8683675055782984 -2.9015270664093453
-14.1693258359297065 -13.5708864526401154
-9.7732913086861242 -8.2173146439753957
-5.7199466263661192 -4.3961073919299993
-9.6797820800469392 -9.4644111848243373
-2.8303875055782983 -2.5646370664093454
-4.1325120457134492 -4.0421591327432722
-14.8413696683839778 -13.7059967911918168
-3.3340065376455192 -2.5536086903218163
-15.1816706581226804 -16.7737142738017795
-5.9015708943542107 -6.7627279549471604
-14.4234034442659809 -13.2917519745122163
-5.5499947832523358 -4.2971792111533142
-5.3092169453725528 -4.2759004923300674
-14.9162240869180440 -13.6471336106287033
-13.6893793777825064 -12.7749417623964305
-9.0419818970042538 -10.8705868600183120
-2.4661250449076060 -2.8422047657626845
-8.7526711403144013 -11.1305390292549795
-12.2051010973939142 -13.2089342866004333
-2.5701638328643073 -2.7250380968714794
-15.6869127037978480 -15.2838580505817578
-5.3664238800562947 -6.6573969182791117
-6.1271735459908871 -7.5591021452670057
-7.8357012026482860 -9.2865317859460639
-2.7660433932840620 -3.8114105959395541
-13.3387081806341943 -13.7749604824569900
-5.6155695525065337 -6.6315604372483730
-6.2368450075711150 -7.6017083571643331
-16.8593565734962070 -16.3302318128840547
-14.6720767201510878 -14.8810149437252424
-5.3460555124561413 -5.9382902414607859
-19.1075844746463019 -18.7422819222298074
-15.0545988343817054 -14.9214337122398213
-5.8617652261252502 -6.8370684431968858
-12.0959398956602975 -13.1962610949843580
-2.6115677038546954 -2.6668689389567710
-2.7539733932840620 -3.8547766929167837
-14.6421037701046703 -15.0523800350752026
-7.2624765167579657 -10.0451942447313023
-8.8741621094412313 -10.9259932823284167
-2.7460233932840614 -3.8750546645275583
-2.4675562595096525 -2.5265789020501246
-14.8813650588193820 -14.8192235990145971
-14.6483983101807897 -14.8057559694325391
-2.5838986648942996 -2.5054823008991960
-2.4202137086108193 -2.6964502055189810
-3.7003297455455071 -3.6800498406769999
-2.9338197455455064 -3.0995035169313674
-4.8441328391260825 -4.7138395341412060
-3.8635797455455072 -3.5977707328824353
-2.6154237132553098 -2.9292563959108029
-3.5196897455455067 -3.1284113132989715
-8.1214521833836049 -7.4164621007850275
-4.6354374283605209 -3.5293168251852762
-7.8751037975681690 -7.3970876971327248
-9.4437770665391927 -7.9327943232749911
-9.4680476934194697 -8.1037620236544363
-7.9714587807460262 -7.4386744891673615
-5.4556018650286155 -3.9522601809212126
-7.5757854533767901 -7.2857418692422984
-4.8772674283605211 -2.9632678241684127
-4.8639374283605212 -2.9912742526128349
-3.8589185770337604 -6.2440626573344540
-9.6451767190780888 -8.1751655790518143
-4.5287369962083268 -5.4171637375790640
-9.6587370665391923 -7.8812710902337777
-9.9741931838742044 -8.0835350037316545
-12.6540496084424685 -8.8860538168002492
-7.0693935713593046 -6.7589850048910511
-9.5593044310757058 -8.1278021644696192
-4.6979609591932707 -4.2634511409775930
-8.4429969811620023 -6.9630728471540086
-9.5399078906965862 -8.1061752037825041
-10.3967828746638151 -8.1139217457194217
-12.5554261913112892 -8.9518908921022184
-5.3878705347733424 -3.4367404700868045
-9.3063689373461838 -8.1370555182733373
-11.0860727699242876 -8.1283010490516716
-11.1516701619365080 -8.1915019701828022
-8.2687892736107589 -7.2942278833595191
-11.3640345929717288 -8.2299046530822721
-5.2231070788109903 -6.1790316578650240
-9.7937390835781848 -7.5059359485533275
-6.1523480762635643 -6.3221973526666062
-6.7639720160055710 -6.4585492513853673
-9.7414690835781848 -7.4950023769977498
-13.7215746327765640 -9.5132188882595301
-10.9567984114177470 -8.1839963635564885
-9.0425653928999630 -7.6171297000811879
-12.6390775492258722 -8.6960244162159999
-4.0793135271995240 -5.8509193639108137
-9.4060034762752256 -6.6756796331993513
-7.2722724903577314 -6.4103118277976270
-8.8080526214958059 -7.1442945602629457
-7.1627934614303967 -6.2876736366201627
-10.6506580741075148 -8.1082628125566885
-8.8128814157987563 -7.1352475159537603
-10.0193335217510882 -6.9403717604372090
-7.8233906560647704 -7.0081719115295380
-5.7801423572534336 -3.0790963879384239
-9.8775291628229507 -7.6977810459985276
-9.9832835217510887 -6.9597578574144388
-4.2604005077310534 -3.4763252297994574
-11.5820986239501114 -8.7761576913799022
-5.8484323572534329 -3.1008232224550114
-9.7021234762752258 -6.7068257835493501
-8.4832549177885852 -7.6051568078691529
-10.8153718160178727 -8.7719272861935913
-3.5274138077119392 -3.9372861725579682
-7.3112292140719841 -7.4995587585342287
-6.9798369189805554 -7.4134857995337597
-3.6063421033197649 -5.9916346124867292
-9.9198495794752493 -8.8264365679731398
-8.0321747124817602 -6.7537887857812757
-9.2893089456783056 -7.8490923047998313
-6.1090100941563801 -5.9006273124743389
-4.7942843705012805 -2.7508669544292910
-6.5195273438043735 -6.1456225916391887
-9.6801119750023048 -7.3911383373834596
-9.4957888034052100 -7.9495636388747259
-9.6499710878167928 -7.2355280306144838
-8.9758919990619663 -12.4334792242359313
-11.5776345691663316 -13.9141280942024643
-7.3589178759363358 -9.6469895335705598
-11.5575173786723404 -13.8917804834004777
-12.4410756209654938 -13.9262102836633197
-2.6628545272732462 -2.8273150197063930
-12.0272648438373899 -13.8441305707930695
-11.3204615747411044 -13.9191439473104790
-2.6138379464611905 -3.4240620172307930
-2.8478445774970842 -3.6556721773855960
-10.3250354788529819 -13.1184698802439605
-2.8815993376090505 -3.5154651893618136
-7.0192273141053327 -11.7431476848015865
-8.8237705848693864 -10.3039632414867466
-7.8979867337978931 -11.8358318018431525
-9.1299714286840459 -12.5925444557060597
-8.7715005848693863 -10.2930296699311690
-2.9128725793786581 -2.4725126265038426
-4.2243299181046714 -5.2195236618856322
-11.0777773067559941 -13.4203374055794384
-2.9722422852809789 -2.7971849439133254
-6.3266495005194976 -11.8662511288730048
-2.8286651675510526 -2.4374670664093459
-2.8816751675510521 -3.4784333668552470
-13.6248677825831184 -12.4595213626782702
-7.4305718368669424 -8.7185423116324028
-4.2598662605818483 -4.0627141896822625
-6.9181654055857562 -7.9845930599674331
-4.1777262605818484 -3.9716414192813483
-6.6118460417445561 -7.9235930322171928
-3.8452646202233023 -7.1086552393096980
-8.6677863734958471 -8.4524714719131691
-10.8416706790470077 -10.4413828622659537
-8.7378360886704183 -8.1757175577113745
-8.9185060607216275 -9.5882213889590169
-6.8388901115608860 -7.3430834693151326
-12.4896079415675523 -11.0787324138681385
-8.9813187018839375 -8.3131916472728857
-4.3023662605818478 -4.3647815779415646
-12.4594670543820403 -10.9231221070991626
-7.5084304054855657 -9.9617473001558743
-11.2441772623269340 -13.4759513366134609
-10.9125404007369262 -13.3896338111144111
-3.1433608276457061 -3.3293245039000734
-7.5541930142973648 -11.9829300532886087
-3.2016420494344326 -4.6387101075732264
-13.8662798099381028 -14.8163113282602747
-5.7127358950405132 -6.4777944981643083
-13.2239587942847763 -13.8271866832305825
-7.5177523942475988 -9.3528141423898372
-10.5234178822819295 -12.1929576599410243
-3.4079275400420248 -3.1623984322474601
-13.4300178159851633 -13.9272371812789597
-3.4014027667095430 -3.0304042393315149
-3.2896369185895797 -5.1580000991053492
-7.2488576834997280 -8.3154234653427430
-4.2950785141775603 -3.0559476572912345
-3.3380275684689540 -5.1932315867345942
-9.5423025312442018 -9.7302311127692498
-7.2519078251439133 -8.3045977683747925
-8.7704089641668084 -8.4217710459288035
-4.0656785141775602 -3.2639081222887061
-6.3200256386073779 -8.2351307371480207
-8.7706831945671695 -9.3212589208186198
-3.9495985141775600 -2.6108946283861370
-8.7343589641668089 -8.4411571429060324
-7.3607854445348071 -9.3070340096790858
-10.4732453370072029 -10.3976282475128681
-3.6425949270289171 -3.3776210773789153
-3.9064485141775598 -2.4340270292889579
-4.0003685141775600 -2.8825998901922234
-7.4865437511386679 -6.5457780829100711
-7.3082039359576028 -6.5413168033780948
-4.5647186956981960 -6.7615408067013494
-7.1333841347415952 -6.7816424423773727
-6.3695313213402889 -6.8169114494446106
-9.1983739672024711 -7.3814332422093889
-3.7927857078620639 -4.0647696297331199
-7.9249491497666762 -7.0448359650797316
-9.2336184875958232 -7.3701145971193274
-2.1814370664093450 -2.6979910664093452
-2.3257270664093452 -2.4925270664093455
-2.2352370664093453 -2.6021670664093453
-2.2632170664093452 -2.5835470664093454
-2.2417570664093454 -2.7410170664093454
-2.1749370664093450 -4.3403972410358271
-2.8449370664093454 -2.2477170664093453
-2.2566970664093451 -2.5318270664093454
-3.0745770664093452 -3.9539623375455908
-2.6623470664093452 -4.2198549249882547
-2.2463370664093452 -2.3360070664093451
-9.1499155036913145 -7.6973902615323349
-3.3815358491012026 -3.9307987750277231
-6.3283159135010321 -5.5035441396934930
-10.5576519856225257 -8.8839212866156405
-9.8101275199049667 -7.5784679036748184
-8.2297706327947342 -7.6921387080034940
-10.9566340593109270 -10.5599576955729884
-2.9467808448091937 -2.5690064650929147
-7.4619229967413121 -6.0695703355500497
-6.4938683269200297 -5.6812542486478126
-4.4173755818003517 -3.9536339683795116
-10.9825713896033239 -8.6248416659771134
-8.7952915362582065 -7.1756247968183020
-11.0089744630631934 -9.7726042290537798
-13.2307992907534189 -11.0368917753228697
-3.0229683562981191 -4.0828454205672848
-9.1778136504888224 -7.2160435653328818
-6.5194307071804261 -5.6661289612380035
-6.2191547117674153 -5.4908709480774176
-11.6810182955174646 -9.9077145676054830
-8.7653185862117873 -7.3469898881682631
-12.0213192852561672 -12.9754320502154457
-2.4943967646446294 -2.7176229745177580
-3.1209183562981195 -3.6524239282445627
-11.2630520713994660 -9.4934697509258807
-9.0045798749264989 -7.1138334521076567
-8.7716131262879067 -7.1003658225255997
-11.7558727140515291 -9.8488513870423695
-10.5290280049159932 -8.9766595388100967
-7.5045052076599301 -7.2829623872761466
-7.1728755702881273 -7.1966520859953036
-3.8140660572527154 -5.7894862015736503
-10.1262068428916372 -8.6229214665434988
-7.1770110717815010 -5.4887527802349876
-9.4842364228537406 -7.6341474171292365
-4.2138672167666460 -3.5956120702385759
-5.2103267353473086 -2.7570369544292914
-6.7815762425361283 -5.9977991255249146
-8.8254822564558495 -6.1266362539909753
-9.6903078950569626 -7.7342103656804495
-8.7952844169911018 -5.9709689949427638
-3.1825434497140215 -3.4095174318771551
-10.7174983129401902 -9.9115056522745650
-10.7417689398204672 -10.0824733526540111
-4.6782411107061783 -4.8504469017260909
-9.4106454523690992 -8.6122938508602758
-3.1836913288699211 -3.5986378273340076
-3.5604373457619429 -2.6797870664093448
-4.7234784010367354 -7.8136125639360072
-10.9188979654790845 -10.1538769080513873
-6.5905339369577476 -8.1839507609270630
-10.9324583129401898 -9.8599824192333525
-7.2191372917052661 -6.0334691941612943
-7.4080795048424832 -9.4098676729279820
-10.8605094619219962 -11.4882629302734358
-3.9598138546358532 -3.7386083977879472
-14.3423210683259299 -13.5631866942547603
-4.4183648699519003 -5.3332581873196396
-5.9361609729843821 -6.9920098514054221
-6.4911095671763670 -7.5658604296190672
-11.9941165451622744 -12.0542891261299925
-4.2971453606372929 -4.9370565245240536
-4.8886492965490422 -5.8774329252871818
-15.5147649380242871 -14.6095604565570572
-13.3274850846791697 -13.1603435873982448
-5.3695639437008698 -5.5857189518504358
-17.7629928391743839 -17.0216105659028116
-13.7100071989097874 -13.2007623559128238
-4.5170796844005832 -5.1163031806171402
-10.7513482601883794 -11.4755897386573604
-5.0199374541937720 -4.6991589684407691
-13.2975121346327505 -13.3317086787482069
-7.0484142644126280 -9.4550522715308851
-7.5295704739693123 -9.2053219260014210
-2.9404447038008676 -2.6233876254862616
-13.5367734233474621 -13.0985522426875995
-13.3038066747088699 -13.0850846131055434
-4.9198925941069609 -4.4653965092567782
-3.9374150543287252 -3.8375718303818083
-6.9817190029127625 -8.9646982649582885
-3.8458181359260770 -4.4928491595446891
-4.0023210887297456 -3.9059356465464838
-9.0633602187384117 -9.9938190415484360
-6.6725644677933538 -7.8841867010134381
-5.1857462492685951 -6.4410895883054344
-7.0209728869811592 -7.7679312025199927
-8.8173502187384116 -10.0002612351581206
-4.4158218789320669 -3.8731427674395640
-5.9153477052208787 -7.8538634611248872
-9.0694202187384132 -10.0185373671686406
-4.3645618789320668 -2.5736952146762366
-7.7401884117391262 -9.2964976540644564
-4.3980718789320674 -2.8725078261833987
-7.2966333649025739 -7.9791915486224205
-3.9395421533118733 -2.8184484531740406
-8.1633420355255701 -6.9938264679858291
-3.9178846428453507 -2.7945605223995225
-6.4135557132054792 -4.4411031507293393
-12.3348558071047520 -9.0417290743639356
-9.6719837311243086 -8.0312622329060250
-3.5096186729491174 -2.6507138203445257
-10.8655023857177522 -8.2181392313133887
-4.1139523927250163 -2.8749313589991705
-10.9310997777299725 -8.2813401524445194
-4.9690625865554816 -4.3049097627724962
-11.1434642087651916 -8.3197428353439911
-2.9915496007296953 -4.2578827462519833
-9.4198290281276247 -7.4424344595710217
-3.3272002867382429 -3.8074581296095378
-5.9434051262811298 -5.9483909281291796
-9.3675590281276246 -7.4315008880154441
-13.5010042485700268 -9.6030570705212472
-10.7362280272112116 -8.2738345458182057
-5.2978270617715815 -4.1827999354210590
-12.4185071650193350 -8.7858625984777170
-3.3093916137190846 -5.3914060168986282
-4.8277904507470275 -5.8030923778544956
-4.8348638910456492 -5.8012330477522029
-7.3117642715064655 -8.0098840155133733
-4.3270522625747949 -2.6605986326719102
-7.0515954562705385 -8.9234263563245619
-10.8327207505557421 -10.5553343998015770
-6.7083549960082767 -8.8563408347675487
-10.7763407505557414 -10.7834754424102375
-8.5731743637494713 -9.8373744387202695
-8.7370499321370492 -9.8161812080102298
-4.9818564516719972 -7.2531556797814547
-4.9799812769828025 -9.7147120291898421
-6.9650879285825233 -8.9619784724048976
-7.8643460345750622 -9.8066686969885239
-4.6543004092608919 -5.8891697246276626
-4.0585207195300619 -4.4565102837625394
-2.2728470664093452 -2.3490970664093456
-2.3366270664093451 -3.9842228953517749
-2.2356570664093454 -3.6494590273622953
-2.8296970664093455 -4.0125542404290115
-3.8885414447029105 -3.0399139765818401
-4.4781414447029109 -3.1946742780259019
-4.1191614447029110 -3.1845667428772795
-3.5690053207092416 -3.7428838563583304
-4.5126350421352006 -7.6502228213669499
-3.6710036704999438 -4.2600276463643176
-4.2512914447029111 -2.9271366103556962
-5.2646197805628265 -6.6527655768957441
-11.1864233398038113 -10.3102482830393232
-6.1887238923843757 -7.4014734824840280
-6.6141890328649096 -6.6748415164065609
-11.2216678601971616 -10.2989296379492625
-6.1526919074238755 -4.7786572076898155
-10.8176041548591932 -8.5946105299257880
-9.6345035138278092 -6.8535809716711409
-8.4897228020314017 -7.4028279513136424
-11.2165862285475963 -10.2706469388831358
-4.3921421954217887 -3.4651048897789889
-7.2862989906641555 -5.3446834035463731
-6.7538204961566981 -5.3919434919579601
-4.6773819303786759 -3.6643773910313153
-10.8069473835261682 -7.8999547339734368
-3.2745212822246397 -2.3836870664093452
-8.6196675301810490 -6.4507378648146245
-11.2689266322998609 -9.4832934723639291
-13.0551752846762632 -10.3120048433191922
-9.0021896444116667 -6.4911566333292043
-6.7793828764170945 -5.3768182045481510
-6.0435307056902587 -4.7659840160737410
-3.2455812822246397 -4.2061881945730661
-11.9409704647541322 -9.6184038109156305
-8.5896945801346316 -6.6221029561645866
-12.2812714544928347 -12.6861212935255931
-3.4831597677482846 -3.1571230516948927
-11.5230042406361353 -9.2041589942360300
-8.8289558688493415 -6.3889465201039792
-8.5959891202107510 -6.3754788905219231
-12.0158248832881984 -9.5595406303525170
-10.7889801741526608 -8.6873487821202442
-12.8959994122046471 -12.0470404870053009
-6.0219092356406270 -4.6150213932180186
-10.5681180593768556 -10.8552579083931544
-13.2949814858930484 -13.7230768959626488
-6.4709154488843756 -6.9179128429756362
-3.3148618299071710 -2.7472809425234495
-8.8322157535021510 -8.8443734490374730
-6.7548754410144367 -7.1159056014011366
-6.3170500196083488 -4.7840920697896783
-5.7788243211591741 -4.9839293555268096
-13.3473218896453147 -12.9357234294434420
-8.1255579249508081 -6.7564221833277971
-5.6289703174151082 -4.4919720060667059
-8.8577781337625474 -8.8292481616276639
-2.8283745129214508 -2.9248625230389922
-14.0193657220995860 -13.0708337679951434
-5.7479181181797054 -5.1543611939437213
-14.3596667118382886 -16.1385512506051043
-5.0795669480698189 -6.1275649317504870
-13.6013994979815873 -12.6565889513155430
-5.5400543369956621 -4.4740796879843590
-5.7550120436886578 -4.9085365137338899
-14.0942201406336505 -13.0119705874320299
-12.8673754314981128 -12.1397787391997571
-6.8564929888814676 -6.0546955902087118
-4.2848260022983089 -4.2716668400481801
-9.2011975682674763 -7.5207629692767544
-6.8583791940365266 -6.0427059567516350
-6.8981003524627837 -4.6810992537090081
-5.9583976009112947 -6.0051395189361667
-8.4296103886625051 -7.1118229343981865
-5.8189416946933301 -2.6118746283861376
-6.8620503524627843 -4.7004853506862379
-7.0964167987072910 -7.1743021833357989
-10.1321297819123242 -8.1881495119022194
-5.2980890447181501 -3.1647520145523798
-5.7579116946933304 -2.4171270292889586
-3.8293042960205734 -2.5910570664093453
-6.4408582104704228 -7.2294964468930489
-8.5675664275050636 -7.6889292271870966
-3.4832529344583549 -3.4693770958462196
-9.3951860508550133 -7.9799823507739926
-3.4236915326055342 -4.2722308493031624
-7.7963730506628934 -7.2803829950713315
-9.3591360508550121 -7.9993684477512224
-7.8736765587726660 -8.7533593420739297
-3.8478742960205734 -4.1700211212573981
-9.4983689643980131 -8.3561860930606642
-8.6115434653427414 -7.2800038338497259
-3.5544884393650338 -3.5455556689641190
-7.8419025301062062 -7.5647203470056468
-5.3317630698695835 -6.2282920428161388
-10.2941828618818150 -9.0414945840201817
-5.1606875811472479 -6.3333714927990510
-10.2378028618818142 -9.2696356266288422
-8.7285434656507483 -9.0174416135140767
-8.8924258641020248 -8.9962552128677373
-5.6128094004142399 -6.9088067014162293
-4.9740467386435459 -8.7334755637431183
-5.3093712413241434 -6.3309598580390487
-8.0188620128138108 -8.9858827481198045
-3.5964555653952046 -3.8560229536545063
-6.8445611079405078 -6.2672487450655181
-8.4551504795528238 -6.3126717291444923
-5.2196892958086485 -3.3973978988157940
-4.6556186356033180 -4.5742228413574271
-10.6338680950110280 -9.0148813747649363
-2.6885370664093453 -3.0481470957026073
-2.2676370664093453 -3.2021807017420905
-2.5441470664093453 -4.6309336127182013
-2.4813570664093452 -2.5774214246832243
-2.5843610664093450 -2.2346070664093451
-2.3730910664093452 -2.2234670664093454
-2.4889010664093449 -2.2926770664093450
-2.2172010664093453 -2.1999070664093452
-2.1925910664093453 -3.8414972410358281
-2.4440910664093449 -2.2026670664093451
-2.6493110664093455 -2.2224270664093453
-15.5288520934092347 -14.9709231761859716
-4.9307375210911877 -6.0668362953068327
-5.4547494240217640 -6.7318037592907096
-7.6776405922596727 -8.9735969115502776
-13.1806475702455810 -13.4620256080612037
-5.4354283727605077 -6.2965449934951749
-6.0739951956823610 -7.2839842812684061
-16.7012959631075937 -16.0172969384882684
-14.5140161097624745 -14.5680800693294561
-2.8055807106984996 -3.2429411756959721
-18.9495238642576886 -18.4293470478340211
-14.8965382239930921 -14.6084988378440350
-5.7035924816304071 -6.5240214346948688
-11.9378792852716842 -12.8833262205885717
-2.7529981514513993 -2.6534251225463028
-14.4840431597160553 -14.7394451606794163
-6.5950274781723532 -9.2228709421385169
-8.7161014990526180 -10.6130584079326322
-3.1373676572912346 -4.1115246645275594
-4.1776195945433949 -4.0817679730766949
-14.7233044484307669 -14.5062887246188108
-14.4903376997921747 -14.4928210950367546
-2.9070561719709831 -2.6737655439687074
-2.5489631217607145 -2.6703253546617041
-12.6430418233581818 -14.3370695147970881
-15.3699052498743747 -17.2048885023665825
-8.5458392128657010 -10.3997244493795709
-7.0207657557413308 -7.8600727107802175
-10.9071395174834773 -12.3261850554414067
-8.8297992049957621 -10.5977172078050703
-2.6395098058849262 -2.5134396984888645
-2.4189104033471613 -3.0309032801374056
-15.4222456536266392 -16.4175350358473757
-6.5661466383281084 -6.6038987391277066
-2.4225605909646277 -2.6924501220388342
-10.9327018977438719 -12.3110597680315976
-4.5352506002011506 -6.0386264527413003
-16.0942894860809105 -16.5526453743990771
-3.6824050582188979 -4.4957359764055225
-16.4345904758196149 -19.6203628570090416
-7.1544907120511443 -9.6093765381544216
-15.6763232619629136 -16.1384005577194749
-2.3959342654304892 -2.7368474588417953
-2.4571041621569996 -3.0175164746248408
-2.8154387400679717 -4.7538118268072731
-16.1691439046149767 -16.4937821938359619
-14.9422991954794391 -15.6215903456036909
-9.6479535424749638 -9.5995316750730559
-2.5520001465197999 -2.5497697262118040
-4.4644056495540196 -3.6130467872157119
-13.8155046770712868 -11.6434716444683009
-11.0254069390666380 -10.5057791409861849
-2.5597754581022740 -2.8219643056355141
-12.3461512556842852 -10.8198818014177540
-3.1527786925871837 -3.0348513589991706
-12.4117486476965055 -10.8830827225488864
-3.7976556599101299 -4.2545965362649767
-12.6241130787317246 -10.9214854054483563
-5.6806440402748501 -8.0680708859349703
-10.9099639961758808 -10.0536631277571100
-6.5525152029240603 -8.1538667459331879
-6.5541128871476459 -7.6801923891335289
-10.8576939961758807 -10.0427295562015324
-14.9816531185365616 -12.2047996406256125
-12.2168768971777446 -10.8755771159225727
-3.7861235612795081 -3.7921901350668183
-13.8991560349858698 -11.3876051685820823
-4.6409995146673317 -7.8441076179847071
-8.6635227208078742 -6.6081356486315208
-5.4643590814423453 -5.5694325383803891
-4.9529483500650064 -3.3117201944709005
-11.9803431000479730 -8.5949244476792970
-4.2856761526942195 -6.4240767927419702
-4.7173983500650065 -4.2677276348360751
-12.0334993661550804 -8.5431235824254443
-9.7862621369534182 -7.5384734258626285
-7.6940524070667449 -6.2408598775266686
-9.8219682260729702 -6.6800332428632112
-3.7163012015103170 -3.9616205376012763
-3.9681225881078475 -6.1650855528125668
-8.0065838792399138 -6.7248413232755597
-10.6927542330773484 -9.2260387619146176
-5.8251262595867237 -4.1965800742460040
-8.7695896147519683 -8.3728772886076808
-8.0177109473189194 -7.4554766506914891
-12.3406914955978930 -9.8633883135168023
-5.8122505953775621 -4.0776958863848334
-4.7374039149635241 -2.8397424282009993
-12.3105506084123810 -9.7077780067478265
-9.4976497613960671 -7.8303743246554749
-7.2332132758433749 -6.4306992008086130
-4.9958987094272365 -2.7920567729235901
-6.2876999480446250 -6.3476010283196267
-8.7259985207084316 -7.4213702286942436
-6.7831864629457677 -4.6347806234193509
-6.9682267581138984 -7.0592713049925360
-10.4286030763695781 -8.4977819686096030
-5.4350852267637659 -3.3149073588481244
-5.7592225324432009 -2.4315970292889579
-5.9245125324432006 -2.9515398901922238
-7.8332067333225686 -7.5649573206229226
-5.3588799619497474 -6.2643417052972179
-10.3036698417963795 -9.0599143343356623
-5.1861880519383687 -6.3678047339910870
-10.2472898417963805 -9.2880553769443228
-8.7217991933188319 -9.0196301115830746
-8.8856814769643098 -8.9984435961309366
-5.6039580520523344 -6.9088881234552382
-4.9707144177101616 -8.7390760132106475
-5.3359436348899845 -6.3664650220058050
-8.0121322485633861 -8.9880857542702941
-3.6106747553003675 -3.8791749139605840
-6.8359798301881778 -6.2676002377141016
-8.4086605012436753 -7.0727122628167614
-9.0554231533278244 -6.9760584490990372
-9.3933225920577144 -8.3408021528222136
-8.7042427413233181 -7.9328857124978773
-7.4355587459197370 -6.7079228229110495
-9.1657412781535008 -7.9297203316468083
-9.1473125920577143 -8.3472443464318964
-7.9639240033402698 -7.9194604971987541
-9.3993825920577141 -8.3655204784424182
-7.7797540586079901 -7.3530840388877952
-9.3271222443200994 -8.0267011659944210
-9.5793859067748439 -9.6255773538687563
-10.4640167391233145 -9.6610797441869156
-9.5483661164393805 -7.4247549512383042
-10.0925830556672214 -9.6213771249886779
-9.3421909468948510 -9.6528016618299990
-8.0790126950523806 -6.6011651081877574
-8.1446100870646010 -6.6643660293188889
-8.3484668576873045 -8.8538296014440601
-8.3569745180998201 -6.7027687122183588
-5.0252368704854451 -7.4610855835474741
-3.6112034561845849 -2.8033244551677217
-5.8919811093802235 -7.5417545197912590
-7.1686883729407596 -8.3431897423285513
-3.5024636056433827 -2.7359210330709414
-10.7145145579046552 -7.9860829473956159
-7.9497383365458392 -6.6568604226925752
-9.1003500353419184 -9.1548384765311379
-9.6320174743539653 -7.1688884753520865
-4.3600205280059159 -7.6115504987251992
-5.0734769674136357 -5.2144325284669364
-6.4858580136475261 -6.6457155587224870
-11.9888649916334344 -11.1341442552334122
-4.2604483372705477 -3.9854661837895704
-4.7324744944627311 -4.8063648058331312
-15.5095133844954471 -13.6894155856604769
-3.4434464315068789 -3.8452408945067322
-13.3222335311503279 -12.2401987165016646
-5.4219182221532334 -4.7231799129350609
-17.7577412856455403 -16.1014656950062331
-13.7047556453809456 -12.2806174850162453
-4.5081905598138858 -4.1925207386627026
-10.7460967066595376 -10.5554448677607802
-6.7506324043213040 -5.5149606012005625
-13.2922605811039105 -12.4115638078516266
-6.1222145472878129 -7.6139592370383316
-7.5243189204404715 -8.2851770551048407
-7.1815950636569914 -5.9496446679746464
-13.5315218698186204 -12.1784073717910193
-13.2985551211800299 -12.1649397422089631
-7.6372458663703471 -6.2678564641524259
-6.0457847541999437 -5.0310482128852874
-3.2230719925601798 -4.2378384574084382
-9.3536770012170205 -9.3725789852386807
-14.8566839792029288 -13.8610076817496068
-7.0292709163917015 -6.6133332018574231
-7.7269872468022038 -7.6599219971193033
-18.3773323720649415 -16.4162790121766697
-16.1900525187198241 -14.9670621430178574
-4.5225154831843959 -3.6828216129129219
-20.6255602732150365 -18.8283291215224260
-16.5725746329504418 -15.0074809115324381
-7.3791053429089315 -6.9224799607044485
-13.6139156942290320 -13.2823082942769730
-7.2049943803073742 -5.8283670161333321
-16.1600795686734031 -15.1384272343678195
-2.8233109948537720 -4.1741001235509900
-10.3921379080099658 -11.0120404816210335
-8.2474731853315344 -6.8745672285958879
-16.3993408573881148 -14.9052707983072121
-16.1663741087495225 -14.8918031687251560
-8.6517107339894608 -7.1413657707182390
-6.7157965081150284 -5.5601044057470714
-7.6980553581766937 -8.5628167198825249
-10.7767343434159208 -10.2401678436528680
-2.9839521099109305 -4.7111286269265245
-4.0572275904742199 -4.4198747352006231
-10.7406843434159214 -10.2595539406300968
-8.9358309503198647 -10.6941509339390954
-2.9112178130652726 -2.6476721420458889
-10.0263511127692500 -9.5734486815942006
-9.3852106066669911 -7.9838827451981071
-4.5372245365685568 -5.3996396918783205
-7.7916230270651852 -7.2895088100857572
-9.3491606066669917 -8.0032688421753360
-7.8643761584840988 -8.7579347803974983
-3.8102384574084383 -4.1462611212573979
-9.4936193607968864 -8.3653123280716724
-8.6007177683747926 -7.2830539754939121
-3.1717505454003176 -3.7025113279250772
-3.3593205454003177 -3.8353131367818563
-5.1454663525579205 -7.2065493087203603
-2.8091564814109087 -3.3326485115731490
-2.8217405454003179 -2.2448770664093449
-4.4819202805097405 -3.6327918384794295
-13.7931570662692984 -11.6233544539743097
-11.0038726752851765 -10.4864752975127224
-2.6037167542845236 -2.8681360221257601
-12.3238036448822967 -10.7997646109237628
-3.1922582722791883 -3.0765613589991707
-12.3894010368945189 -10.8629655320548952
-2.8165611755497197 -3.2757324722125620
-12.6017654679297380 -10.9013682149543651
-5.6579892302735439 -8.0476464962416596
-10.8875477546908286 -10.0334773065800533
-6.5296616666618315 -8.1332436299789563
-6.5392667774543236 -7.6675766997482020
-10.8352777546908285 -10.0225437350244757
-14.9593055077345731 -12.1846824501316213
-12.1945292863757562 -10.8554599254285815
-2.9579108529636060 -2.9662078470589122
-13.8768084241838814 -11.3674879780880929
-4.6188525236555149 -7.8241910472808858
-5.4428616712652440 -7.6033222003796403
-12.5940016486560520 -11.2639700684637276
-4.8752529943901903 -9.0690407066142935
-12.6471579147631576 -11.2121692032098750
-10.3999206855614972 -10.2075190466470591
-4.1855112778886543 -4.4263862883342471
-3.3402056619523828 -3.9424002045886595
-10.8670106514586973 -9.7804627404252908
-10.6972554040709298 -9.6642887612421724
-10.7215260309512068 -9.8352564616216167
-3.4811356443055170 -3.4263674531622961
-9.3910207469551708 -8.3656951632832133
-3.6848713279250771 -3.6776025755625579
-3.3057963886951161 -3.4937689049960690
-3.7005113279250765 -2.5928870664093449
-4.7031259654655457 -7.5662861462016844
-10.8986550566098259 -9.9066600170189947
-6.5706303093483660 -7.9370731511545474
-10.9122154040709294 -9.6127655282009581
-6.7316078570811531 -5.3189657773740482
-4.6644426798780918 -3.9210262140762171
-9.1127271331265618 -9.3961549323179714
-5.9716480540853158 -6.5362392636867881
-5.7393114624341992 -6.3476237778524256
-5.7402673516682352 -5.8401946435884566
-8.8667171331265600 -9.4025971259276560
-5.1669161271833861 -6.4584008594687825
-9.1187871331265615 -9.4208732579381778
-4.9794429025506792 -2.5415452146762365
-7.7923526147657300 -8.7016308334724481
-5.0911129025506794 -2.9185178261833986
-6.5952845283574009 -6.6308116884586354
-9.0578250211746685 -10.0846692861679532
-6.6671987167030586 -7.9752063921064051
-5.1789339547481719 -6.5306627359682725
-7.0156018661470503 -7.8589456238691451
-8.8118150211746684 -10.0911114797776378
-4.3382764367488056 -3.8919827674395648
-5.9099808979296151 -7.9448820960168858
-9.0638850211746682 -10.1093876117881596
-4.3773664367488063 -3.7571110193038155
-4.2906464367488057 -2.5961652146762364
-7.7346446383853609 -9.3873393228939541
-4.3765264367488061 -2.9473478261833987
-7.2912676629443069 -8.0702112888474158
-3.6809098302488770 -2.7561256951068573
-13.8275868665321404 -12.5069126962674630
-11.0082367069107434 -11.3399677711685989
-3.8383672908823412 -4.9519150007538890
-12.3582334451451388 -11.6833228532169162
-12.4238308371573609 -11.7465237743480486
-2.6562116840255645 -3.9645114227187186
-12.6361952681925800 -11.7849264572475185
-5.7040082753443668 -8.9427939833427939
-10.9245553044006751 -10.9196132983202130
-6.5832354188639730 -9.0359458242114066
-6.3244694797051846 -8.3019078440293743
-10.8722853044006751 -10.9086797267646336
-14.9937353079974152 -13.0682406924247747
-12.2289590866385982 -11.7390181677217349
-2.6590882691726518 -3.5165137052982693
-13.9112382244467234 -12.2510462203812462
-4.6458102883352579 -8.7002772539909401
-3.8876715561835820 -5.8393151847973419
-5.0587232510544844 -2.4716164405606293
-8.1442065902104446 -6.6171446981551298
-10.6064367075783004 -8.8944019003246098
-6.5827548345885978 -4.7088893131569183
-8.6832720892529203 -8.0412404270176729
-7.9468263792198668 -7.1392727465014776
-12.2543739700988450 -9.5317514519267945
-6.6868871969414601 -4.7070131518577716
-4.9613232510544840 -2.8183424282009994
-12.2242330829133312 -9.3761411451578187
-9.6762636096251082 -9.9574270200351691
-8.5748205425163402 -8.8997050587431552
-10.1394039933001920 -9.9559034860290012
-2.7698426405209244 -3.0222948341306082
-8.9361634858354595 -9.9442204189294454
-5.1116579018364083 -5.1303162274566123
-7.8693932507890647 -8.4952436703043723
-3.4136707017420904 -2.5751914246832244
-10.2991265612094445 -10.0512259221192686
-3.2363598033618834 -4.4874641852463100
-3.7625552953673531 -3.3310625113184202
-3.8188635169313683 -3.2619013132989720
-3.1450246850963204 -5.1055818070030501
-3.0257048775572186 -3.1724019510563868
-9.7545909574928569 -10.7327894091783946
-9.6395879392343762 -9.6472289983911761
-9.3627630919264355 -10.5837022510561471
-5.0705621911410255 -8.9666890147059206
-4.6449714549522918 -4.6859430581902188
-6.4854652666643799 -8.8848747512993178
-3.0309227831390042 -2.7644395500977894
-11.7562866479749655 -11.3766112110966162
-6.7999743384481643 -6.8436954442649185
-5.7298535043163872 -5.2651895866351355
-9.7114170200351690 -9.6827058032347928
-3.8079887495937501 -4.5348822722776747
-9.9634870200351688 -9.7009819352453128
-4.6517141121521517 -3.5804896389742162
-8.6380834216443994 -8.9827704307496443
-3.7594932932331284 -3.2304292437328912
-2.2463270664093455 -3.8176728953517749
-2.1876870664093455 -3.5252390273622951
-2.9049270664093463 -4.0115342404290120
-2.3288870664093451 -2.5290170664093452
-2.2027670664093453 -2.5352270664093455
-2.7015370664093452 -2.2364270664093455
-2.2635270664093450 -4.2621872410358277
-2.9129170664093449 -2.1488970664093454
-2.2905970664093451 -2.3989270664093452
-2.3774470664093452 -2.3003170664093453
-12.1671285960232076 -8.6766364867164860
-4.4505984993625090 -6.4839256824722158
-12.2202848621303133 -8.6248356214626334
-9.9730476329286510 -7.6201854648998184
-5.2118218070030506 -2.9847814520551057
-5.1357699883571613 -3.5775040018790421
-9.3081146791987486 -6.0611062390509449
-8.0515199262159154 -7.0369416447409332
-3.4012636550353310 -2.9664239564793928
-2.8365960660380534 -2.7506288323334926
-2.8743839765818398 -3.8968899803519998
-11.5721683190779281 -9.5922129751679979
-9.3848884657328089 -8.1429961060091838
-9.4249193889909471 -8.5663235346978119
-13.8203962202280231 -12.0042630845137523
-2.9194539765818401 -4.3571054205672848
-9.7674105799634265 -8.1834148745237645
-3.2453026838095878 -2.7697753175834441
-6.8087516412420186 -6.4582422572683003
-10.0969632214452165 -8.7014338732495151
-9.3549155156863915 -8.3143611973591458
-10.4372642111839191 -11.7691513558594778
-2.4963406159585464 -3.0973412055479543
-9.6789969973272196 -8.2871890565699147
-9.5941768044011031 -8.0812047612985385
-9.3612100557625109 -8.0677371317164823
-10.1718176399792828 -8.6425706926864017
-8.9449729308437451 -7.7703788444541289
-7.0341122044190083 -9.2978552211976560
-9.4685063680187067 -10.3677200125081654
-2.9133069625666974 -2.9687430595439270
-7.6197962130009360 -9.9146826963832204
-11.1711245301216344 -11.4441453588653062
-8.7178910459288037 -8.8015551145168072
-3.5967505959395543 -2.6104060358245342
-3.7611805959395541 -2.9920498901922237
-7.7315148728474545 -8.9052260288945693
-4.3519520065817030 -2.7254416168582161
-11.1314289297497719 -10.1559228349886990
-7.3387053120260477 -8.7885714067784111
-11.0750489297497712 -10.3840638775973595
-5.7914850626303638 -6.3575653935942515
-4.1189057633964588 -4.4999172952627315
-3.9819144141494935 -5.5550938982520428
-4.9314615051094730 -8.9680725133096040
-4.3113920065817037 -2.8862196582545963
-7.6143336984900110 -8.9131044983054757
-5.4342080992686697 -6.6784110176752218
-7.1846667072812336 -7.7214162786410956
-4.8929320065817032 -2.9953419334792772
-4.4100520065817035 -2.7319610525358127
-7.4312079716172539 -7.1310777918428236
-7.2862104400662027 -6.7778254165681977
-8.6536950587431534 -8.5812627361260230
-6.1010998536810526 -6.7842722705482226
-8.9057650587431549 -8.5995388681365448
-7.5684156260050424 -7.8693815292935332
-5.4979552179689071 -3.8872989113320129
-7.4667780722275197 -6.8939929169105278
-9.7098934860290012 -10.1458461869098748
-2.9471905708969297 -4.1387480112621047
-9.9619634860290009 -10.1641223189203966
-8.6364623841726722 -9.4458133109591689
-5.8914462082880590 -5.8270460764690730
-9.3982419493587077 -9.9779805322777531
-7.3209016368709943 -8.2495126846414166
-9.0915911522153916 -8.1262140897804436
-6.9100732428793181 -6.6827591646306752
-13.9133480855018714 -14.0693305126837203
-11.3405980803917199 -10.5390432261524296
-7.2877955696290835 -6.7183781456644027
-9.4238043296191041 -9.9628552448679439
-2.7828556951068575 -5.0159395689420307
-2.6497495902928589 -3.3138184877941228
-14.5853919179561426 -14.2044408512354234
-6.8803558704494678 -6.8543798335972053
-14.9256929076948452 -17.2721583338453861
-5.6455931439263765 -7.2611720149907661
-2.6487856951068580 -4.4309952663744943
-14.1674256938381458 -13.7901960345558212
-7.1128915299593576 -6.6144977683317769
-6.8839136961611889 -6.6050190535901434
-14.6602463364902089 -14.1455776706723082
-13.4334016273546712 -13.2733858224400372
-2.6330567963672884 -2.9819292612186667
-13.4986289251397640 -11.9535132797857724
-11.3113490717946465 -10.5042964106269601
-6.6753065083619729 -6.2515503526247782
-15.7468568262898607 -14.3655633891315269
-11.6938711860252642 -10.5447151791415408
-2.5786930110103108 -2.5380053433401053
-8.7352122473038563 -8.8195425618860757
-7.3708868035444670 -6.4101971539047033
-11.2813761217482273 -10.6756615019769221
-7.6771532635523592 -9.4438801067838547
-5.5134344610847901 -6.5492747492301362
-7.0323544851911679 -6.0753862429898016
-11.5206374104629390 -10.4425050659163148
-11.2876706618243485 -10.4290374363342586
-7.5253501548021120 -6.4309429060651695
-6.2685679263348675 -5.5288135385011898
-9.9255586578723012 -10.7570600360586717
-9.8105556396138205 -9.6714996252714514
-9.5337307923058798 -10.6079728779364242
-5.2415298915204698 -8.9909596415861976
-2.9157399746087989 -2.8100145043475582
-6.6564329670438243 -8.9091453781795948
-3.1876093437317690 -2.7744290371913873
-11.9272543483544098 -11.4008818379768933
-9.4308767007619583 -8.4603193082332204
-3.3594570132787243 -3.6021977207228977
-3.8528631367818562 -2.8000070664093450
-4.7379181548731379 -7.6558465267524971
-10.9341890617172890 -9.9969622132696792
-6.6085593003565322 -8.0297703333059331
-10.9477494091783942 -9.7030677244516426
-5.0921212372590468 -3.7342473486951615
-5.7279249761620630 -11.2517442685784896
-2.6874302080643599 -2.5549518844779238
-2.5828903230369171 -2.4779331916759575
-3.9259519768279554 -5.0635819181058421
-4.7895823385652818 -4.9379628981257522
-10.5736088647370163 -12.5058349875656170
-13.2789259951278176 -13.5224096642867337
-2.3115170664093450 -2.2649170664093452
-2.2918870664093456 -2.4242170664093452
-2.2051870664093456 -4.0037172410358277
-2.2774370664093455 -2.1856370664093454
-3.0181170664093457 -4.2086949249882553
-2.5385770664093452 -2.2613170664093452
-3.1845367428772793 -4.2930099803519992
-11.7701610775034275 -9.8761729672980589
-9.5828812241583101 -8.4269560981392466
-7.7172493638171860 -6.9446207432286124
-14.0183889786535243 -12.2882230766438134
-9.9654033383889278 -8.4673748666538255
-2.9517294764999136 -2.5621693439783302
-7.0067443996675198 -6.7422022493983613
-8.3981489361476331 -7.0885868216564916
-9.5529082741118909 -8.5983211894892069
-8.7242925658440527 -10.1421469442241712
-3.7850831083663317 -4.4720509316603003
-7.9975070212232904 -6.6916663141705452
-9.7921695628266026 -8.3651647534285996
-9.5592028141880103 -8.3516971238465434
-8.4821378658156288 -7.0388581522273084
-7.2556044044441874 -6.1669775517591310
-4.5086016752595066 -7.4723109188421679
-3.6403311190200878 -4.0554765592353732
-4.5070699803520000 -3.0090366103556971
-5.2609209404059047 -6.4751882010897335
-11.1819925865884340 -10.1319389941748597
-6.1842531340193476 -7.2231241884699120
-6.6106646070639092 -6.4974385549564726
-11.2172371069817860 -10.1206203490847990
-4.5313060394857558 -5.2693690236720618
-16.4686194159289343 -17.5899789055457312
-4.1374727984160353 -4.3012950066116948
-2.3257829541736998 -2.7217425926439680
-11.9790756600461687 -13.4835036377299566
-4.7134673186160816 -6.3429132785522935
-17.1406632483832055 -17.7250892440974361
-4.4772686838220075 -5.4166697094046938
-17.4809642381219099 -20.7928067267073970
-8.2008644743534411 -10.7818204078527788
-16.7226970242652087 -17.3108444274178339
-2.4493908193000613 -2.9163741201074287
-4.5117116909122865 -5.1981941107761891
-2.7215386326719102 -4.7859818268072729
-17.2155176669172718 -17.6662260635343209
-15.9886729577817359 -16.7940342153020481
-8.5477804507022999 -5.0690749300332270
-9.1997329497524980 -5.5360545138850483
-8.0979610288583004 -4.2724518788128609
-7.2765683314271170 -4.6828930405781115
-6.0547164614517053 -3.2955192001195561
-10.8476702122730426 -6.1734040654872331
-8.3135000309099745 -4.3819823572125260
-10.8175293250875288 -6.0177937587182573
-2.6520070664093449 -2.8577408945067324
-2.2445670664093451 -4.0960081945730664
-9.0452899742107302 -6.8960727234025407
-3.4679765912923028 -3.7441315299975502
-8.9889099742107312 -7.1242137660112030
-9.0090112614406301 -8.4013804363574032
-9.1729140767657871 -8.3802144525849442
-6.9234217364896056 -7.3228900645450388
-4.7904758535695446 -7.6533757057225609
-4.1394431626288188 -3.9442596183360950
-3.4372068938271387 -3.5622665375954883
-8.2967543492667417 -8.3672461116261783
-6.3210590069840551 -5.6840974222968015
-8.6935846132441164 -7.2197432774225696
-2.2783670664093454 -2.4572970664093452
-2.2475670664093452 -2.2023670664093453
-2.9700370664093452 -4.2072149249882544
-2.4521370664093451 -2.2214770664093448
-2.9324264405606302 -3.8074984438007951
-2.4000401732516856 -2.8441661608920548
-11.3049005346855971 -5.6761241109082103
-9.0576633054839348 -4.6714739543453945
-8.3790276762584792 -4.7874345066706514
-11.0866542734939255 -5.8063186502364150
-3.0791870664093453 -2.2816170664093454
-2.2669670664093453 -3.9331672410358283
-3.2806770664093454 -2.1841970664093453
-2.4923670664093454 -2.2682370664093452
-2.6101870664093449 -2.2005970664093448
-6.0277243374548277 -4.3451271715214688
-12.0931019191393574 -13.7455071536618902
-11.3862986500430736 -13.8205205301792997
-2.4858466566605673 -3.1316102349970221
-4.4907870675563126 -5.1341541750116777
-10.3908725541549494 -13.0198464631127813
-3.0204477653767294 -3.4898531246963453
-7.0850643894073020 -11.6445242676704073
-8.8896076601713538 -10.2053398243555673
-7.9638238090998614 -11.7372083847119733
-9.1958085039860133 -12.4939210385748805
-8.8373376601713538 -10.1944062527999897
-3.0463395652844949 -2.4415191199765327
-4.3163413133206339 -5.1470745646684470
-11.1436143820579634 -13.3217139884482592
-5.3532662378440898 -5.0137484040432891
-6.3924865758214660 -11.7676277117418255
-2.7709356599841990 -2.2152770664093455
-2.7418356599841993 -3.1741333668552469
-10.2533897986197022 -11.0352064442333955
-12.2761537322748886 -11.2695120760888123
-12.3417511242871107 -11.3327129972199430
-9.2104915299635870 -10.1870602043988843
-12.5541155553223298 -11.3711156801194129
-6.1961936270018105 -9.1032482707423821
-10.9513039436800970 -10.6146308733417776
-7.1342796292873096 -9.2552589703768895
-7.6734170136111484 -9.3191243136774826
-10.8990339436800969 -10.6036973017862000
-14.9116555951271650 -12.6544299152966691
-12.1468793737683480 -11.3252073905936292
-9.9868900232616280 -10.5125843951293891
-13.8291585115764732 -11.8372354432531406
-5.0012001768156189 -8.7239360782134465
-8.9426056794451441 -9.6982104189294454
-2.9667276448311650 -2.7329337768416853
-7.8758354443987493 -8.2492336703043723
-10.3055687548191290 -9.8052159221192685
-4.7684637471228859 -3.2308728211226869
-12.3511671087922981 -10.5627088069925286
-3.2646675401204241 -2.8845513589991705
-12.4167645008045184 -10.6259097281236592
-3.9162209911827972 -4.1109730200044039
-12.6291289318397393 -10.6643124110231291
-5.6838580493665978 -7.8090960474934779
-10.9145770695688284 -9.7960873536168176
-2.9109029942956672 -4.2500656897715547
-6.6039864621257847 -7.4678771165784266
-10.8623070695688284 -9.7851537820612400
-14.9866689716445727 -11.9476266462003853
-12.2218927502857575 -10.6184041214973455
-4.1107001440915791 -3.8545778703456492
-13.9041718880938827 -11.1304321741568568
-4.6471935807673059 -7.5881128365514412
-4.4195757442531187 -3.3389492383206547
-8.0657455905492199 -9.2790436905221299
-4.1560487079083321 -8.0445344723164283
-9.8486286509300704 -9.8819591950111985
-4.5667632116772765 -6.9585316371554162
-9.8621889983911757 -9.5880647061931619
-10.4627710568565959 -10.0754545608214485
-4.4458474870566649 -4.4434510161755751
-9.5672827111044043 -11.5504930417257796
-4.6028142248513291 -4.4264560058344893
-6.2614745463567560 -10.1751708462834056
-8.0660178171208088 -8.7359864029685674
-7.1402339660493155 -10.2678549633249734
-8.3722186609354683 -11.0245676171878806
-8.0137478171208087 -8.7250528314129898
-5.9805674403671327 -4.7299834167227148
-4.2592973319734169 -4.4442670049847752
-10.3200245390074166 -11.8523605670612575
-5.5598190043473643 -4.5745375922101088
-5.5688967327709200 -10.2982742903548257
-3.3407825755625575 -2.2404270664093451
-15.0194025467701238 -15.4026990522006137
-8.1268801876727998 -7.5526394116821534
-3.0074360464750209 -2.6653327007589835
-10.5298587908873564 -11.2962237843848374
-2.7195716168582158 -4.7270935384479760
-4.8866579829805801 -5.7780409587304860
-15.6914463792243950 -15.5378093907523169
-2.4106383429834692 -2.6119763843798491
-16.0317473689630958 -18.6055268733622796
-6.7516476051946279 -8.5945405545076596
-15.2734801551063963 -15.1235645740727165
-2.7792949642272973 -2.5082152808483587
-2.5140828809301827 -2.4625023166077797
-15.7663007977584595 -15.4789462101892035
-14.5394560886229218 -14.6067543619569307
-6.6662517749699122 -9.0916239644833485
-2.9923959118206298 -5.1119515888192382
-2.7197567809948704 -3.0042778236035317
-10.0919580740864312 -11.6335444998113928
-10.2558732239672494 -11.6123908505945970
-8.2424696315447665 -10.7911552104083892
-5.6003725617931144 -10.6124896647543192
-6.6393060195377345 -8.9135829141142739
-9.3781023285159169 -11.5978113416835438
-8.8494564767023256 -10.3617121428232615
-10.1272071880646735 -10.8025831030513153
-2.2030970664093452 -4.6668672410358276
-2.4937970664093454 -2.1948870664093452
-2.2806170664093455 -2.8540570664093456
-19.8382068066958297 -18.8806695252746906
-15.7852211664312314 -15.0598213152847027
-6.5918619782680441 -6.9749304663350342
-12.8265622277098252 -13.3346486980292394
-3.0291583542365976 -2.4922248603340287
-15.3727261021541963 -15.1907676381200840
-5.0178615630437919 -7.2083445620124840
-9.6047844414907573 -11.0643808853732999
-3.1953281222887062 -3.7321246645275585
-6.3707999667778425 -5.8375878803136700
-15.6119873908689080 -14.9576112020594785
-15.3790206422303157 -14.9441435724774223
-3.1732933255263398 -2.5026422325265920
-4.7194519299179269 -4.4034536978214440
-6.9600152232940520 -4.4114514199266761
-6.0221951058299084 -4.2727531229310758
-11.2333593935268272 -7.2195965575305898
-6.4456800931117879 -4.5208419039796901
-7.6339360120820858 -4.5570007163919870
-11.2686039139201775 -7.2082779124405292
-4.2732251581053671 -4.5053625883799757
-14.3911257693919232 -15.7317315388800516
-6.6880896752455286 -8.1537134269860818
-19.5527133577289618 -19.9733171452475311
-7.5168209212226405 -8.2923997386096673
-19.8930143474676662 -23.0410346278574920
-10.6129145836991956 -13.0300483090028738
-19.1347471336109649 -19.5590723285679289
-6.3618948371318025 -6.6650559297435104
-7.5358695302678651 -8.0585297419361090
-19.6275677762630281 -19.9144539646844159
-18.4007230671274904 -19.0422621164521431
-2.7361211242455759 -2.7636423164710524
-2.3085096414851320 -2.5893685246320390
-12.0331142247241640 -11.8481413095257881
-7.9153235820639445 -7.5685199526875797
-10.1099496063987839 -10.9949798362188513
-2.8974513589991706 -4.6167302355963118
-8.7428529710390688 -9.4623612303759934
-13.6810514872447069 -12.4854908611279729
-8.3419674108419368 -7.8891552578135622
-13.6509106000591949 -12.3298805543589953
-4.5799676298484933 -5.3790894503170366
-11.3981246488940489 -9.9329256162651873
-6.4319540492906366 -7.0556796635259156
-4.1276054205672850 -3.2909545661712478
-3.6732383371641601 -3.1448668448414385
-11.4333691692873991 -9.9216069711751267
-10.5702775594019354 -11.6787458986154551
-4.4082170876853413 -5.6417034091512850
-15.7318651477389739 -15.9203315049829346
-3.6952594122165539 -4.2387007993289716
-16.0721661374776765 -18.9880489875928973
-6.7920663737092077 -8.9770626687382773
-15.3138989236209770 -15.5060866883033341
-2.5902021672264168 -2.6612258295635161
-2.6591704974318220 -2.9496932788254568
-3.0309282711421779 -4.6994118268072720
-15.8067195662730402 -15.8614683244198211
-14.5798748571375025 -14.9892764761875483
-3.9876738442260296 -2.6920770664093450
-4.5893002598613553 -7.2644879242965414
-10.7851019035950415 -9.6051343477032578
-6.4579497256363192 -7.6364200511415472
-10.7986622510561467 -9.3112398588852230
-6.7741079282899532 -5.1734933322818950
-7.4886727302796903 -6.1241433579905005
-9.2618052211976565 -7.0534983013962380
-7.7480021740324130 -7.7791456406360489
-4.6477234261872677 -2.6570012381522896
-8.5312507371480191 -6.3511717889573758
-11.2058202938724616 -11.0439895796944718
-5.4983895019238203 -6.5683926469422635
-8.5052793818696131 -9.4097605564049136
-5.1922714377745702 -4.1816837268562095
-11.4118793155728468 -11.1440400777428472
-3.9578929372342495 -2.8218358067324267
-9.6304836322355349 -11.6160904337380018
-3.0755806832342616 -2.9016189350985129
-6.3246754674878867 -10.2407682382956260
-8.1292187382519394 -8.8015837949807878
-7.2034348871804461 -10.3334523553371938
-8.4354195820665989 -11.0901650092001010
-8.0769487382519394 -8.7906502234252102
-3.7025225771268060 -2.4543350243634783
-2.8375976840476240 -3.0249638279400721
-10.3832254601385490 -11.9179579590734779
-3.5479502825280531 -2.5650653412718873
-5.6320976539020506 -10.3638716823670460
-9.1208249613690917 -10.3526588205655230
-8.2675920547391843 -9.3339039434524746
-12.6919268422150147 -11.8431698454746446
-3.5643014226856518 -3.4582928990336419
-12.6617859550295027 -11.6875595387056688
-8.7200869598940471 -8.8451049421464720
-7.6471726613897273 -6.7271706794201682
-11.2662508343384200 -10.7012238822373185
-7.9871581873590811 -9.7945726982607813
-5.4983091736749810 -6.5748371294905326
-7.2296130360545350 -6.3133324615233724
-11.5055121230531299 -10.4680674461767111
-11.2725453744145394 -10.4545998165946550
-7.7222336014388775 -6.6685140203721396
-6.4954032897549130 -5.7963365695914391
-4.1213272410358277 -2.2309970664093450
-11.4240947445688850 -9.1597738914714792
-6.4696367658101028 -6.2942405595768376
-5.7458991944562223 -4.4184058816649561
-11.4593392649622352 -9.1484552463814186
-9.9502804189294451 -8.9608818114556641
-8.6248638328878009 -8.2426573193091226
-5.0762247441792523 -3.8202671719950905
-9.0352439644833478 -6.8943928175785736
-8.8915141875292409 -8.0077284237407653
-9.0554160930943279 -7.9865615302082364
-6.8089870290845242 -6.9323004184347097
-4.7020276955811129 -7.2887726090288814
-4.4719481013340658 -4.0006096183360951
-3.7434291331083793 -3.5923338381714820
-8.1793762854794387 -7.9737131091336284
-6.3962883075663273 -5.4831717841738259
-8.5934842490528798 -6.8434879745260861
-4.6059015888192381 -2.7708669544292910
-7.6521179085626763 -7.4865959380795326
-8.2167546944671717 -6.1361638385303694
-10.5587178422659100 -9.2208754594174671
-8.1865684986263982 -5.9805082231061313
-10.3200991166950917 -11.5771644998113921
-10.4840142665759117 -11.5560108505945962
-8.4706106741534271 -10.7347752104083884
-5.8285136044017767 -10.5561096647543202
-6.8674470621463959 -8.8572029141142732
-9.6062433711245792 -11.5414313416835430
-9.0775975193109879 -10.3053321428232625
-10.3553482306733340 -10.7462031030513163
-3.8825619612406479 -5.1251490338794943
-4.7007252072043215 -4.9540628981257520
-10.5218079994831637 -12.5589912536727226
-13.2271251298739649 -13.5755659303938412
-2.2132070664093453 -3.0855570664093452
-2.8166770664093455 -4.1082135384479752
-3.1814970664093458 -2.6668496582545962
-2.4265470664093449 -2.2410870664093450
-7.2743450539903112 -9.3632697008544508
-3.0445863879384243 -4.9615570793218371
-10.7174960416898681 -11.6543235819960067
-2.3932282914940526 -2.3466651260106395
-3.8398390589494023 -3.6547702598517864
-7.2071718883896745 -8.2142710415283346
-5.1609707072564541 -8.6315013844926973
-4.5996223375455916 -2.6083696582545959
-8.2724005231639612 -9.0050909920155373
-3.5346029747639314 -4.2127255622065958
-3.9953523375455910 -3.2056370664093454
-8.6305624752379391 -8.6012317156339133
-9.2270065698475872 -8.3607960591092674
-11.8284548647732208 -9.6688863151350048
-4.9016061432277898 -6.8320921125330631
-10.1179944330181950 -8.8047526882445784
-5.7843536251608780 -6.9287642918151588
-5.4204606732651008 -6.0895992988961378
-10.0657244330181950 -8.7938191166890007
-14.1859949045780560 -10.9522005503122610
-11.4212186832192391 -9.6229780256092212
-3.2898762298844573 -2.8390019273169211
-13.1034978210273643 -10.1350060782687326
-3.8346934620902222 -6.5808606890527512
-7.8941115764092702 -8.5013036703043721
-10.3238448868296508 -10.0572859221192683
-7.1859738658807046 -8.3781418181169816
-5.1398582618060988 -8.7954577381399570
-4.4468835384479757 -2.6406996582545954
-8.2512351874863867 -9.1689944554355804
-3.5918195689325887 -4.4550109554728685
-8.6093750980183454 -8.7651131375119355
-4.8603235384479753 -2.8012210525358126
-9.2058106349910371 -8.5246689233503332
-6.3630781503873566 -10.4531326693308468
-8.1676214211514093 -9.0139482260160069
-7.2418375700799169 -10.5458167863724128
-8.4738222649660688 -11.3025294402353200
-8.1153514211514093 -9.0030146544604293
-3.6207622286979828 -2.5465364240704038
-2.8136519400654372 -3.1749798320936344
-10.4216281430380189 -12.1303223901086970
-3.5185452179731400 -2.7096220248527239
-5.6705003368015214 -10.5762361134022651
-10.3316700125081642 -9.4878924649959373
-8.5256412731638349 -9.9213141120566615
-5.3343485246276039 -4.7081557088818160
-9.6173789208186200 -8.8018293449171665
-14.0066925304835106 -12.9616725662615266
-5.7471664648618459 -5.0571215305083195
-14.3469935202222132 -16.0293900488714876
-5.0668937564537435 -6.0184037300168702
-13.5887263063655119 -12.5474277495819262
-5.5510769856148752 -4.3886143264860316
-5.7542200366490555 -4.8112564965767470
-14.0815469490175751 -12.9028093856984132
-12.8547022398820374 -12.0306175374661404
-8.7004132571766188 -5.4566855430977288
-3.8430499004284679 -3.0569745977774754
-5.8197554766286368 -4.5584081329543995
-8.6481432571766188 -5.4457519715421512
-12.8106727091356802 -7.6463923855646136
-10.0458964877768651 -6.3171698608615729
-7.5755013443974022 -5.1941410725245918
-11.7281756255849903 -6.8291979135210843
-2.9507841555830963 -3.7664654132403514
-6.3041468173920192 -8.7617992288199176
-7.6468607208413220 -9.6292410912459765
-2.8129341984033740 -2.8542706268477964
-11.3714882658208420 -9.4509356563286655
-8.6067120444620269 -8.1217131316256257
-9.5554292000687653 -10.4177966422748458
-10.2889911822701521 -8.6337411842851370
-4.8303774608987275 -8.8897864326348746
-5.9642217049510045 -5.4889496639277606
-8.7095292288199175 -6.2932132458364416
-12.9033568261772480 -8.5251518052571740
-10.1385806048184328 -7.1959292805541324
-7.6660404744161994 -6.0707555051943825
-11.8208597426265580 -7.7079573332136437
-3.0540973407128620 -4.6558539010211097
-9.5769710912459747 -7.6359271492857443
-13.6600694800401552 -9.7571365001433250
-10.8952932586813400 -8.4279139754402852
-7.0176577655417800 -5.8976448373432078
-12.5775723964894652 -8.9399420280997965
-3.3535076197706948 -5.4305362211021873
-11.3605546942652644 -9.3986656563286655
-8.5957784729064493 -8.0694431316256257
-9.5444956285131877 -10.3655266422748458
-10.2780576107145745 -8.5814711842851370
-4.8194438893431499 -8.8375164326348727
-3.5095796389742171 -4.0517400626519136
-9.5171578429203478 -10.3117540244710622
-12.2224749733111491 -11.3283287011921789
-4.7172878278017398 -7.1807193518993220
-7.2104193771148291 -6.9360106928277450
-7.5060366124572768 -7.1770600467612802
-6.5351215296795218 -5.4986916169368349
-5.8882221941936796 -4.0149125303167006
-7.5084013315303517 -4.7705611231456855
-7.9123122471966960 -5.1199041574031172
-8.3810365132767846 -4.8811750764365147
-9.1595303578850373 -4.8227891699104761
-15.5078364407058977 -15.8628114705743553
-6.9721931002934507 -9.6996095931647108
-9.7398947800424605 -11.7364247178275694
-2.5925746283861373 -3.6663046645275581
-5.0125229131097928 -5.0162443205481893
-15.7470977294206094 -15.6296550345137497
-15.5141309807820171 -15.6161874049316918
-2.6206291107880788 -2.4869115116908995
-2.4724469096641637 -2.6933821714702497
-7.6391823099781657 -9.8786326963832192
-11.1905106270988650 -11.4080953588653049
-8.7372771429060325 -8.7655051145168077
-3.5961066929167838 -2.5543260358245337
-11.0576978189254582 -9.1426289334717978
-9.5641027138810060 -8.3917823015157076
-3.9580296183360946 -4.2782728063971680
-11.0275569317399444 -8.9870186267028220
-12.0492288671750316 -12.7919773402633918
-3.0852061963330040 -2.9597367767495402
-4.2261019799106432 -5.6616556765664194
-11.7049423782152751 -14.4878624299135321
-2.6264415719745342 -2.8917441834816957
-6.9538145719787776 -12.9337761532071003
-2.5399452146762371 -2.5891070664093458
-2.5127052146762372 -3.5498233668552470
-16.2031124603130579 -18.5755539233158622
-6.9230126965445891 -8.5645676044612422
-15.4448452464563584 -15.0935916240262973
-2.9795154245022650 -2.5070976997269465
-2.6891733309394836 -2.4362547252207003
-15.9376658891084215 -15.4489732601427843
-14.7108211799728839 -14.5767814119105115
-12.7618364530778798 -11.8936185604060558
-7.8491669405968434 -6.6970698340388424
-9.3985142212478028 -7.2630264089002505
-9.1680886672448167 -5.3129334469178477
-4.9893910053978852 -3.4926736664679274
-9.1816490147059202 -5.0190389580998112
-9.6574320486443650 -5.3816297882011215
-6.7278365224412022 -9.0862744038382139
-4.9009030581902184 -4.5934482219110775
-11.9986579037517878 -11.5780108636355124
-11.6254950967041708 -9.6036294420655572
-5.0717970793218372 -3.1082632224550113
-9.6031540096790859 -7.3919315948848059
-8.2927504704686186 -8.2381825890597042
-6.4136324480601994 -5.6516112196045967
-8.7157029792615752 -7.1168019996716794
-9.0998347512993174 -6.4339420336231656
-10.0319062829071033 -7.2528213613938162
-4.2012649249882541 -2.7334270664093454
-8.5991279658058133 -7.8916746187591231
-9.1966362188645228 -7.6523031206835395
-12.8076122626524231 -12.0767257075662720
-9.6056343763198822 -8.7318833177143986
-10.7301505167286670 -8.0064554312958034
-18.8148152120305738 -15.9699560242524523
-18.5818484633919816 -15.9564883946703961
-11.1358944692647110 -8.2747603772962730
-9.2067620558465837 -6.7002808247814087
-3.2183745661712480 -3.5266539282445621
-11.3184584937095725 -9.3256499633628600
-8.8038288931759539 -6.6898562604839826
-8.5708621445373616 -6.6763886309019256
-11.8112791363616356 -9.6810315994793470
-10.5844344272260980 -8.8088397512470742
-10.3757198535122352 -11.7230862085547169
-3.7041991275079869 -2.5339480423593730
-5.6245920472757378 -10.1689999318482851
-10.6937482475128682 -10.5043914873572017
-13.4053653463628422 -10.8877479061717448
-4.1424808779189277 -7.3395224074489924
-11.6895681023893587 -10.7061773965998075
-6.1366200999352483 -11.8512790696564103
-11.7047634149337512 -11.5915712110966176
-3.2873614520551060 -3.9561358205249308
-3.6797346645275586 -2.4722870292889580
-3.8137446645275586 -2.9609498901922233
-6.7529129134883483 -5.9160331623540552
-2.1996170664093455 -3.1875733668552475
-10.3908278972368429 -8.7020854435671584
-15.3328529127410089 -15.2116888103957510
-15.0998861641024167 -15.1982211808136949
-4.8397171758781949 -4.7022781693426197
-4.0667256309860997 -4.2839394853537893
-2.5052487152716498 -2.7247478343281855
-15.7045094530478142 -15.6882345488574959
-14.4776647439122765 -14.8160427006252231
-15.6910418234657580 -15.4552678002189037
-14.4641971143302204 -14.5830759519866309
-2.4655870365276207 -2.8202398974308860
