-7.6592691187648034
-5.6939891187648035
-7.1021791187648029
-7.4343691187648027
-7.8250591187648029
-9.0426391187648036
-7.5260691187648030
-7.4375991187648030
-7.5572491187648030
-7.8578191187648025
-8.4174891187648022
-6.2505121187648029
-6.2298081187648027
-8.7273791187648033
-5.7060771187648029
-7.7111991187648030
-5.5221821187648032
-5.8257931187648033
-8.1641591187648022
-7.2034291187648023
-8.2481891187648024
-8.5550391187648032
-7.6906091187648027
-5.5476861187648030
-7.9433791187648035
-7.5087091187648030
-9.2106191187648037
-7.9961191187648035
-6.8640091187648027
-7.7076991187648032
-6.8611491187648026
-8.2716891187648027
-5.9736661187648030
-7.8288191187648026
-8.2273591187648023
-5.9739871187648026
-6.6947591187648028
-7.4237891187648026
-8.1609791187648035
-7.9259891187648028
-7.6059791187648029
-6.4358891187648029
-6.7877491187648031
-6.8522891187648032
-6.6054591187648031
-7.1820991187648033
-7.0135891187648030
-6.6376291187648029
-8.0914991187648031
-5.5931101187648027
-7.4503291187648033
-6.4572991187648032
-8.8340691187648037
-7.2582391187648030
-9.0420291187648036
-8.8435091187648034
-9.1463391187648035
-7.0404891187648033
-7.3202091187648026
-6.4697591187648031
-6.3537571187648032
-7.5827591187648027
-8.6927791187648022
-7.8646091187648031
-6.3351761187648030
-6.3304461187648027
-7.1767491187648025
-6.3690391187648032
-5.6288741187648030
-6.8942091187648034
-6.4526291187648033
-7.8656091187648025
-7.5070691187648029
-5.9855911187648028
-5.5736941187648030
-6.4761791187648026
-7.6697491187648028
-7.4170491187648029
-7.1801791187648032
-7.3554491187648035
-8.4751491187648025
-7.0360591187648032
-7.4432791187648029
-7.5579991187648021
-7.5360391187648021
-8.0894591187648022
-6.5200291187648034
-6.1363371187648026
-5.5123401187648033
-7.4755391187648028
-6.8513691187648034
-7.5387491187648026
-7.2540391187648030
-8.1841991187648020
-6.0344801187648027
-6.9661491187648030
-5.4829161187648028
-7.0495791187648029
-7.9200991187648029
-6.2756271187648034
-7.1872691187648030
-5.8905881187648026
-7.1826591187648026
-8.2516891187648032
-7.4133091187648033
-5.6882491187648032
-7.1562191187648025
-6.2312561187648026
-7.4714691187648032
-7.2248391187648027
-7.0386891187648031
-7.5074291187648035
-5.9727691187648029
-7.2255091187648031
-8.9332891187648027
-6.3569961187648030
-8.3207091187648032
-6.1891271187648034
-8.7679791187648028
-7.7587591187648028
-7.8156091187648027
-7.4384891187648030
-6.8641691187648028
-8.3273791187648030
-8.0093491187648027
-5.9323821187648029
-8.4675891187648027
-6.5498491187648034
-9.2182091187648023
-7.2547591187648024
-7.1943291187648031
-8.0079991187648023
-6.7838491187648033
-8.7350691187648035
-8.5249391187648023
-6.8155191187648034
-6.0019251187648033
-5.5489921187648026
-6.0977911187648033
-6.9946691187648025
-7.6758991187648027
-7.2180491187648030
-8.1418391187648034
-5.6160241187648028
-6.7746691187648027
-7.5578791187648031
-7.5071391187648029
-7.9272691187648032
-7.6865491187648027
-7.4900191187648035
-8.6569891187648036
-5.5524321187648029
-7.1914691187648030
-5.7984261187648025
-7.2951191187648030
-6.0626291187648027
-7.6931491187648033
-6.0273571187648027
-6.0665001187648029
-7.3710191187648029
-8.4451291187648021
-6.5980091187648036
-6.1782451187648029
-5.5770391187648025
-7.2262291187648025
-6.8195391187648031
-8.6429591187648036
-6.2343871187648032
-7.0902691187648026
-7.9350291187648034
-8.4169191187648025
-5.4654823187648027
-8.5956491187648023
-6.2929991187648033
-6.6707491187648031
-8.9089491187648040
-7.2669591187648024
-9.1766291187648026
-7.1430791187648026
-8.5700391187648020
-6.4579191187648028
-7.2914291187648033
-5.4958701187648034
-7.0155891187648027
-7.5311891187648028
-9.3410991187648040
-7.4819291187648025
-8.0331391187648027
-7.7084091187648029
-7.4743591187648031
-7.4876491187648027
-9.3191091187648034
-7.8281591187648027
-8.9092891187648036
-9.1153791187648032
-7.4957991187648032
-7.3921491187648032
-7.8325491187648035
-6.0117691187648026
-5.5375931187648026
-7.1229791187648033
-6.5498291187648032
-5.9702241187648033
-8.9510091187648033
-7.3281291187648030
-6.4008091187648031
-6.8621891187648032
-7.8797191187648030
-7.3184691187648028
-8.8833791187648021
-6.3430131187648033
-7.0960391187648026
-7.1181991187648030
-7.5619391187648031
-8.0696791187648031
-7.6593091187648028
-5.9277571187648030
-5.8566221187648031
-5.6562661187648029
-7.5565891187648031
-7.5625791187648028
-7.8929791187648028
-5.7876811187648025
-5.8887141187648027
-8.6528391187648026
-5.7103661187648029
-8.6493491187648033
-6.2824311187648032
-6.3924391187648029
-6.8301991187648028
-9.1728291187648026
-6.7106391187648029
-8.1794391187648028
-8.0482191187648020
-7.6415891187648031
-6.4609091187648033
-9.0841691187648035
-7.2945291187648031
-7.5043391187648032
-8.3850391187648032
-7.7113391187648030
-8.6317091187648032
-5.8002601187648031
-5.7207241187648030
-6.9618591187648029
-5.9071451187648032
-7.0798391187648031
-6.2536161187648034
-6.7778291187648030
-5.9428601187648029
-5.9815081187648032
-7.3779591187648030
-7.9886591187648035
-6.0802831187648030
-8.2418291187648034
-7.4936391187648033
-6.3940791187648029
-6.3781391187648033
-6.8892191187648031
-6.2524351187648026
-7.2400191187648026
-7.3937591187648026
-6.2789991187648031
-8.1178491187648021
-6.9834691187648028
-6.3630361187648026
-7.1350491187648029
-7.1943291187648031
-7.5434491187648032
-6.1583931187648036
-5.9060691187648029
-6.3597591187648028
-5.8742171187648031
-7.0444091187648024
-9.1134691187648027
-7.5117291187648032
-7.8898891187648035
-9.2031791187648029
-7.6343491187648027
-6.9996191187648034
-6.5449891187648026
-7.4828991187648031
-7.0909391187648030
-6.7524491187648028
-5.5947571187648029
-6.8570791187648030
-8.6791691187648023
-7.1760991187648031
-9.3753291187648031
-5.5033291187648032
-6.1755501187648028
-7.3431991187648027
-8.6761091187648027
-6.1674941187648029
-8.8543691187648026
-8.9951691187648031
-7.0357491187648034
-6.8883991187648030
-6.0799621187648025
-6.8976091187648034
-5.7588261187648033
-9.0679591187648025
-7.3355791187648025
-8.7771691187648031
-6.2263321187648026
-9.0892891187648033
-7.5119291187648027
-7.6496391187648030
-7.5131391187648031
-7.1631191187648025
-6.1248361187648026
-7.0732191187648024
-7.0207291187648027
-7.7283191187648033
-8.4544191187648021
-6.0100991187648027
-9.0841391187648028
-8.6293491187648037
-6.4798991187648030
-7.3786191187648029
-7.6409791187648031
-7.4637291187648032
-7.5779891187648030
-6.6504791187648031
-7.0429991187648024
-8.2917591187648032
-6.8843291187648026
-7.4716791187648033
-8.6166591187648027
-5.9314941187648031
-7.1677891187648033
-5.8689401187648027
-7.0139691187648028
-6.9722291187648029
-8.6676091187648030
-6.8763891187648030
-8.9279391187648027
-6.3192631187648027
-6.9706791187648030
-6.7361991187648034
-8.4510991187648035
-7.2840291187648027
-6.0606041187648030
-9.2205391187648029
-7.9100691187648033
-7.5251291187648031
-6.9158291187648029
-7.0483491187648024
-6.6635591187648027
-7.7548791187648032
-7.5254191187648027
-8.0083291187648022
-6.8932691187648034
-6.3769961187648034
-7.4135091187648028
-6.5200491187648026
-7.9649391187648027
-6.3458651187648032
-5.9599491187648033
-7.1772491187648031
-7.1890391187648026
-5.8975741187648030
-5.7144641187648029
-8.1749491187648022
-7.7955791187648034
-7.0488491187648030
-6.2667001187648026
-5.8127921187648033
-6.9412791187648031
-7.1665191187648025
-7.5770291187648029
-6.5028691187648029
-8.1153791187648032
-7.8985191187648027
-6.3726651187648029
-7.4081391187648027
-9.0959391187648038
-8.5106591187648029
-6.4856591187648034
-7.6151591187648027
-7.8230891187648028
-8.4895791187648033
-8.0840991187648026
-8.4958791187648028
-9.3627691187648026
-7.1016291187648033
-7.5271291187648028
-8.3752391187648030
-7.6133791187648034
-8.3515391187648031
-6.4989591187648026
-7.2600991187648027
-6.4936291187648028
-6.0926861187648029
-7.4458591187648029
-7.6952691187648030
-7.4497791187648028
-6.9518391187648030
-7.7905891187648031
-7.6431591187648031
-7.9884191187648028
-7.9363691187648033
-6.7743891187648027
-8.4972091187648022
-9.3669991187648041
-7.2791191187648030
-8.4631091187648035
-7.3971991187648030
-7.5714491187648028
-7.1691391187648028
-8.3366691187648030
-7.8280591187648030
-7.1918791187648026
-7.9539691187648032
-6.3933991187648029
-6.6345791187648029
-7.9410291187648028
-6.6262791187648027
-7.9777491187648026
-7.8933691187648032
-6.9510991187648026
-7.6245291187648032
-7.5670391187648027
-6.9018691187648029
-8.8725491187648036
-7.4761091187648026
-8.9209391187648031
-7.7141191187648035
-6.7197491187648026
-7.5922891187648025
-7.8855491187648026
-6.1971501187648030
-7.1124591187648027
-8.7946291187648029
-7.0327791187648030
-9.0764391187648030
-8.3710691187648028
-7.0508191187648031
-8.3894191187648026
-6.5831591187648026
-5.9962831187648025
-8.8418991187648022
-9.1437191187648033
-9.1960891187648031
-7.9578191187648031
-8.1375891187648026
-8.0433991187648033
-6.3774491187648028
-6.6718391187648027
-7.2294591187648027
-8.8584791187648033
-9.2262291187648042
-7.4460391187648032
-9.2507091187648030
-6.7062491187648030
-6.1101471187648029
-7.2628591187648031
-7.3009991187648033
-8.0527791187648035
-7.2630491187648030
-6.6839591187648031
-7.2585991187648027
-7.6407491187648029
-8.1640991187648027
-6.9041591187648033
-6.2970271187648033
-7.3205891187648024
-6.3838191187648032
-7.8637191187648030
-7.4318091187648028
-7.9240991187648033
-7.2858291187648030
-7.6277491187648030
-7.0406891187648029
-7.2808491187648023
-8.1226091187648031
-6.7875191187648030
-7.5733891187648021
-8.6566891187648025
-8.3478891187648028
-7.3327691187648032
-7.2660291187648030
-9.3144591187648036
-6.7224191187648028
-5.9297451187648029
-7.5700891187648027
-7.4829491187648030
-6.5392991187648031
-6.4501391187648034
-7.5672391187648032
-5.8659211187648026
-7.6208391187648035
-8.1433991187648029
-6.8536591187648028
-8.6173691187648025
-7.5973891187648031
-8.6383091187648038
-8.6419291187648035
-7.1253191187648026
-7.0163891187648026
-6.2202261187648027
-7.4710191187648034
-5.9198451187648029
-6.7975891187648028
-6.7736091187648029
-7.2615991187648028
-8.3499091187648027
-7.2154991187648028
-8.4417591187648036
-6.5299291187648025
-7.7404891187648035
-8.7826791187648023
-8.2995091187648029
-7.7272891187648032
-7.2764591187648033
-7.5562591187648032
-8.7761691187648037
-6.5188191187648030
-6.5222891187648031
-6.1964451187648031
-7.6238291187648031
-8.0169691187648020
-6.3071631187648034
-8.9149191187648036
-6.6800691187648029
-5.6020221187648032
-7.9229191187648027
-8.8998791187648028
-8.9935991187648039
-7.7250091187648033
-7.5714391187648031
-8.5406091187648023
-6.9486191187648032
-5.8839451187648031
-9.2650091187648034
-6.7100191187648033
-5.7988961187648034
-7.2626391187648025
-7.0992891187648031
-7.4566491187648030
-6.9386591187648028
-6.0093051187648028
-8.0693191187648026
-8.1697591187648033
-8.0216391187648028
-9.4112691187648032
-5.6039941187648026
-5.8764671187648032
-7.9395491187648028
-8.8299291187648041
-6.1760141187648028
-6.2698161187648029
-5.5438821187648033
-7.0876591187648028
-7.1951991187648030
-8.7483891187648037
-7.4302091187648029
-6.6856991187648029
-7.8292491187648032
-8.8177991187648033
-7.3480591187648026
-6.9243291187648026
-7.0421791187648033
-7.2948991187648033
-5.7059591187648033
-6.2189811187648028
-5.5543541187648033
-5.6315451187648033
-7.7377891187648027
-6.4998791187648033
-6.1316581187648032
-9.0957191187648032
-6.2548651187648030
-8.3910791187648019
-6.5688891187648029
-7.5805991187648027
-7.0088091187648027
-6.8056091187648029
-7.6395491187648030
-7.0327391187648027
-6.7790791187648027
-6.7550691187648031
-6.6001891187648027
-7.8083991187648030
-5.5765431187648034
-7.0105291187648024
-6.3899591187648026
-7.8729891187648029
-6.9484391187648029
-8.5877091187648027
-5.6560301187648028
-8.1045691187648021
-8.7230491187648038
-7.4130291187648032
-9.1455191187648026
-5.8973431187648027
-7.5005991187648027
-7.0803291187648032
-8.9519791187648021
-7.7413691187648030
-7.9441591187648033
-7.3541791187648027
-5.9771941187648032
-6.6458491187648034
-8.7320591187648038
-7.1728191187648029
-7.3377291187648028
-7.4797591187648029
-5.5811711187648028
-7.0044891187648028
-9.1135991187648031
-5.4647564187648028
-7.7530491187648032
-7.4945591187648031
-7.4255291187648025
-9.2431591187648028
-5.8931551187648026
-7.6076391187648023
-7.0058091187648026
-7.1893791187648031
-6.6468991187648028
-5.6280801187648031
-6.8970091187648030
-8.4698191187648035
-6.6295991187648031
-7.0347691187648032
-8.4871391187648033
-7.8704291187648030
-8.8631591187648038
-6.3029821187648034
-7.5104491187648028
-7.8543991187648032
-7.9212191187648031
-6.6717591187648031
-6.2830551187648034
-7.5561591187648025
-7.2357291187648025
-8.7667291187648022
-7.7273791187648033
-6.2834181187648026
-7.9907491187648025
-8.5912591187648033
-8.4385791187648032
-8.7066291187648037
-7.8057591187648034
-6.3888391187648033
-8.6965791187648041
-5.5889251187648030
-7.8784091187648029
-5.5781951187648033
-8.2535991187648037
-7.4170491187648029
-7.0937691187648024
-7.1875291187648029
-8.7894491187648036
-5.5264641187648031
-6.7081191187648033
-6.4443991187648031
-7.1848791187648029
-6.9659491187648026
-8.9414191187648040
-5.6438701187648030
-7.3818591187648028
-7.9161791187648030
-8.4089091187648020
-7.7430091187648031
-9.1188091187648030
-7.6966091187648029
-6.2863081187648033
-7.6794991187648032
-9.2000791187648030
-9.1344091187648022
-6.0862471187648026
-9.2204291187648035
-5.7933631187648027
-6.9667791187648032
-5.7108001187648032
-7.0444291187648025
-7.4919191187648027
-8.6686791187648033
-8.2730791187648034
-6.7380191187648029
-9.0475091187648022
-7.8158391187648029
-7.0962991187648026
-7.4300391187648032
-7.5032991187648035
-5.7967261187648029
-5.8914851187648027
-6.3506221187648029
-5.9960791187648033
-5.8661371187648026
-8.4756591187648027
-9.3563491187648022
-9.2204191187648039
-8.5292191187648037
-5.7427631187648034
-8.5889591187648033
-8.3986991187648030
-6.5523791187648035
-6.1530291187648025
-7.1917491187648031
-8.3576291187648035
-6.9644891187648028
-8.7317691187648041
-5.6422441187648031
-5.4636850187648029
-7.5394291187648035
-7.4710191187648034
-8.6808991187648026
-7.9436491187648031
-6.0370181187648031
-8.8597591187648028
-6.4836091187648028
-8.8533091187648036
-7.6312691187648030
-9.3991191187648031
-8.6503191187648039
-8.3269891187648035
-7.6173091187648030
-8.5024591187648024
-6.4230391187648026
-8.1974891187648034
-6.2960261187648028
-6.9763791187648030
-6.8576591187648033
-7.4777891187648029
-7.9297591187648031
-6.2954611187648029
-6.8762791187648027
-7.4090291187648027
-8.7273791187648033
-5.8199841187648031
-9.2901191187648031
-7.4026091187648033
-6.8158091187648031
-7.8514491187648030
-8.1054091187648023
-9.1887291187648028
-6.1308011187648033
-7.3311791187648030
-5.6231991187648029
-6.8862691187648029
-7.3359991187648026
-7.1768491187648031
-7.0858791187648027
-6.5133191187648034
-7.6056091187648027
-8.6672491187648024
-5.8649231187648025
-7.8796591187648035
-6.1962121187648034
-6.3297531187648026
-7.7348091187648027
-7.7803691187648027
-8.9282891187648037
-5.7287321187648033
-7.8271991187648027
-8.4508991187648022
-7.4864391187648032
-7.4879891187648031
-5.7852131187648030
-6.5427591187648027
-5.8172081187648033
-6.2908941187648031
-6.4692691187648030
-8.3955891187648035
-6.6140891187648032
-8.7539191187648040
-7.4374691187648034
-7.8421591187648030
-7.5469891187648033
-7.2869991187648031
-7.7424491187648030
-8.3274291187648029
-6.0972061187648032
-8.4028791187648029
-7.7406691187648029
-7.2418991187648025
-6.8634091187648032
-7.8178391187648026
-6.3163521187648026
-8.0277091187648022
-9.1259991187648026
-9.4169291187648039
-6.4107891187648027
-7.2520491187648028
-6.3647341187648028
-8.2579791187648031
-7.2810591187648033
-7.5387891187648028
-7.1361891187648023
-6.1232291187648027
-8.5958791187648025
-6.2030061187648027
-7.7694191187648025
-6.3359671187648026
-8.3483091187648029
-6.1775931187648032
-7.5216991187648032
-8.2277591187648031
-7.9940391187648023
-5.8008471187648025
-6.2146821187648031
-7.7260591187648027
-7.3991791187648035
-6.4176291187648031
-7.1623991187648031
-6.0120031187648033
-6.1987701187648030
-7.7396091187648031
-8.6674591187648033
-7.0803791187648031
-7.5831591187648035
-7.4036191187648033
-7.4561191187648026
-8.4027691187648035
-6.7084391187648036
-8.6523091187648031
-8.3273991187648022
-7.7800591187648029
-8.1444391187648026
-8.5663391187648035
-6.7649591187648026
-6.4610191187648027
-8.6315091187648036
-5.6820441187648028
-5.5693471187648029
-8.0486091187648032
-7.8546691187648028
-8.7493091187648027
-6.3258681187648031
-7.9714991187648030
-6.7269091187648034
-7.2799791187648033
-7.3506191187648025
-6.8805191187648029
-7.2698991187648030
-7.4815191187648029
-6.5062591187648033
-8.0656391187648033
-9.0579591187648028
-6.7960791187648031
-7.5541291187648030
-8.2496191187648034
-5.7866381187648033
-8.9508191187648034
-6.1546151187648031
-6.8474091187648032
-7.2018591187648031
-9.0514391187648027
-8.7827991187648031
-5.6479961187648033
-7.9732991187648032
-8.9393191187648036
-8.7707791187648034
-6.2015281187648030
-8.2591491187648032
-9.2823091187648021
-6.9769291187648026
-6.0272731187648034
-7.3776391187648027
-6.7158991187648027
-6.1348721187648030
-8.4082391187648025
-8.0489391187648032
-7.7874791187648027
-7.5019491187648031
-5.4817691187648032
-7.4651291187648026
-5.9473461187648029
-6.8491091187648028
-6.4423391187648029
-6.2478121187648030
-8.1686191187648021
-6.2253861187648027
-8.9532691187648030
-8.0322891187648029
-6.0983371187648032
-6.8252691187648029
-8.0946691187648021
-7.4652491187648033
-7.3023491187648029
-8.0762191187648025
-9.0241891187648040
-6.8425091187648031
-9.3257191187648036
-8.6085291187648032
-6.4913291187648028
-7.6028591187648029
-6.6998391187648032
-7.7200291187648027
-7.3337691187648026
-7.9741591187648027
-6.6802891187648026
-7.8590291187648029
-7.2793391187648027
-6.9336891187648027
-7.4024391187648027
-6.3219901187648029
-9.2264991187648029
-8.1998891187648031
-7.5295891187648030
-7.6012091187648032
-6.8306591187648031
-8.5136591187648030
-7.4653791187648029
-6.4099891187648028
-6.2449831187648028
-7.1614891187648029
-7.4242291187648028
-7.4649191187648034
-7.1118591187648033
-6.5610791187648028
-7.3177491187648025
-7.0794591187648024
-7.8972391187648032
-5.7516951187648031
-9.4033891187648031
-6.8534591187648033
-7.1635691187648032
-6.7995491187648032
-7.6001991187648024
-6.0067931187648034
-6.9836891187648034
-7.8890991187648032
-8.9444891187648032
-7.9210491187648033
-8.8021291187648032
-8.4357191187648031
-5.7921591187648032
-7.4271391187648028
-5.3844172687648033
-7.6403191187648032
-7.2763691187648032
-8.3100891187648021
-7.3614091187648025
-6.5288491187648026
-8.5082891187648020
-6.8276091187648031
-8.1840691187648034
-7.7134991187648030
-8.3398591187648030
-7.7515091187648029
-6.0426331187648028
-8.1036191187648026
-7.5800891187648025
-8.9266591187648032
-7.3900991187648026
-7.1941191187648030
-7.5894391187648029
-6.3624801187648030
-9.3048291187648022
-6.5058191187648031
-8.9486091187648036
-8.4822691187648029
-7.9677491187648029
-7.5246991187648034
-6.6187491187648027
-8.0064991187648022
-6.0169891187648030
-8.1317991187648033
-8.9135691187648032
-8.6516591187648029
-8.5461091187648019
-5.9941321187648029
-5.4554577187648032
-6.8004291187648027
-9.1644791187648025
-8.7020491187648030
-6.2885891187648033
-8.8506691187648041
-8.8080391187648033
-6.1151981187648028
-8.7753391187648031
-9.2299891187648040
-9.4068791187648042
-7.6853391187648032
-7.3438091187648027
-8.2181191187648022
-8.6908691187648035
-6.3303751187648034
-7.9099791187648032
-8.8528291187648041
-6.6931691187648026
-8.1457991187648027
-7.5018291187648032
-7.4374591187648029
-5.7164211187648029
-6.8199891187648030
-6.0650771187648029
-6.2151801187648026
-6.8914991187648029
-5.4853881187648028
